"baseMean"	"log2FoldChange"	"lfcSE"	"stat"	"pvalue"	"padj"
"ENSG00000000938.12"	119.678436771708	-2.05903473897616	0.203048653723554	-10.14059783809	3.64859749503264e-24	2.57003153552883e-22
"ENSG00000000971.15"	128.095576824169	-2.14190784864581	0.204809410602548	-10.458053867468	1.34591647515739e-25	1.0437232408881e-23
"ENSG00000004776.11"	76.3125319501518	-3.59504702123519	0.31564070731198	-11.3896811721494	4.70708878801224e-30	4.5384926800918e-28
"ENSG00000005381.7"	31.7577322552788	-1.65330245613586	0.354943039299475	-4.65793739581107	3.19393301662384e-06	3.38594286937906e-05
"ENSG00000005884.17"	63.0122164188408	-2.08895142206667	0.265589970617753	-7.86532494885947	3.68140568930889e-15	1.32981603232899e-13
"ENSG00000006377.10"	28.774738880966	-1.25644943991769	0.374773710657029	-3.35255489963521	0.000800693597681534	0.00469130966959527
"ENSG00000008516.16"	220.063843358953	-1.00567326681663	0.149103464345651	-6.744801478826	1.53236396250646e-11	3.8359018125606e-10
"ENSG00000008517.16"	96.4223934018855	-6.35193926821028	0.571402938092141	-11.1163923822632	1.04409018271812e-28	9.38866626005892e-27
"ENSG00000010030.13"	24.8449636835037	-2.0500818877779	0.4167583269147	-4.91911440127624	8.69366498710739e-07	1.02775737409356e-05
"ENSG00000010327.10"	213.08629811038	-1.61404437957604	0.14119464672837	-11.4313425967285	2.91565455743683e-30	2.84366031798012e-28
"ENSG00000010810.17"	45.3617415475335	-1.94989021356881	0.325681629440103	-5.98710531177634	2.1360848431651e-09	4.0093885605463e-08
"ENSG00000012779.10"	212.588838275579	-2.05946964682749	0.15255746159095	-13.499632370323	1.57158393459489e-41	2.35811984695014e-39
"ENSG00000023902.13"	1192.6434360454	-1.64103343676024	0.0787289750744728	-20.844084851961	1.72475011826074e-96	1.06673691460624e-93
"ENSG00000025708.13"	1682.41710777764	-2.15844402264456	0.085589056164045	-25.2186917274512	2.49868289879472e-140	3.52008894153537e-137
"ENSG00000035720.7"	237.460907210815	-1.09744368374238	0.135744463046669	-8.08462945089024	6.23534855782062e-16	2.38485624025966e-14
"ENSG00000038427.15"	27411.2488151186	-1.09561055916232	0.0613772455546356	-17.8504354384403	2.86791581715161e-71	1.05397984480189e-68
"ENSG00000041353.9"	63.2006432971319	-1.54221184364365	0.25815274561271	-5.97402843802145	2.31465426225301e-09	4.31898475218631e-08
"ENSG00000042980.12"	137.675106819037	-2.3702675196981	0.204981668885833	-11.5633145762817	6.3220470683711e-31	6.51684835608757e-29
"ENSG00000044524.10"	72.5020846954372	-1.95972100009261	0.2419460022103	-8.09982798719368	5.50369508376105e-16	2.11458636263656e-14
"ENSG00000046889.18"	26.9416687319074	-2.99764632730536	0.455006849453799	-6.58813451029102	4.45387063004264e-11	1.06548350411907e-09
"ENSG00000049089.13"	69.8297500374152	-2.66746969849864	0.286476361851136	-9.31130820449598	1.26267410398691e-20	6.9304956556061e-19
"ENSG00000055332.16"	6122.8882728988	-1.10652153911621	0.0735559388623732	-15.0432657951191	3.82219143564769e-51	8.0769275354295e-49
"ENSG00000056558.10"	95.9462859932372	-1.36545903340835	0.211512786545809	-6.45568079219939	1.07733478840756e-10	2.44794404699274e-09
"ENSG00000057657.15"	101.612123272655	-1.29023725058105	0.203631372544687	-6.33614179611696	2.3558998864627e-10	5.10606062571977e-09
"ENSG00000059377.15"	114.91512010633	-1.10340402165004	0.188162815897311	-5.86409177811317	4.51597655596725e-09	8.08729756399842e-08
"ENSG00000059378.12"	667.447713850094	-1.81363966326384	0.108749115325055	-16.6772819975851	1.91746865191102e-62	5.52536023581359e-60
"ENSG00000064300.8"	193.691962114441	-1.93548947089577	0.166455397039096	-11.6276762743906	2.98102244370483e-31	3.11081346203569e-29
"ENSG00000065717.14"	47.6770545714624	1.11891687418249	0.278610505582077	4.016061317734	5.91788643935172e-05	0.000466912770158933
"ENSG00000066294.14"	99.2906037098959	-1.29049235947919	0.203719103172437	-6.33466542598543	2.37856847351086e-10	5.14841136007149e-09
"ENSG00000066923.17"	427.845428003505	-1.22933819191922	0.106678702117614	-11.5237452979496	1.00160662091666e-30	1.01594962772819e-28
"ENSG00000068079.7"	1111.44021943049	-1.30096394053177	0.0930038622444006	-13.9882786492568	1.83807040195393e-44	3.17073396277196e-42
"ENSG00000069482.6"	593.394705765161	1.02075497145811	0.105406437208167	9.68399083105539	3.52674183874425e-22	2.13439426126198e-20
"ENSG00000069535.13"	20.9859806446251	-2.24208599579174	0.479779151158524	-4.67316262154737	2.96596736248486e-06	3.16677896327963e-05
"ENSG00000070087.13"	111.386001999825	-1.87779951024657	0.209261819935153	-8.97344537493018	2.8738130687251e-19	1.44020062839389e-17
"ENSG00000070915.9"	1095.74630624603	-3.40865799052438	0.0909953021967285	-37.4597139438582	4.1735641448441e-307	2.64583098962391e-303
"ENSG00000071575.11"	566.834231889911	-1.10075909583995	0.0959908032189066	-11.4673391504983	1.92487258425969e-30	1.90667652311161e-28
"ENSG00000072694.20"	701.838970033404	-1.64098858302325	0.0897562426518361	-18.2827236807208	1.13608340160865e-74	4.50137545281129e-72
"ENSG00000072818.11"	57.8222907149699	-1.38683820696098	0.263930481613475	-5.2545586947096	1.48379821395452e-07	1.99080185764331e-06
"ENSG00000073464.11"	22.2332893883209	-1.49155826122278	0.422951825609872	-3.52654409062319	0.000421021057525251	0.00266174320038028
"ENSG00000073712.14"	155.454352772025	-1.26659215593039	0.173412609773054	-7.30392188658015	2.79498680413491e-13	8.48805693164707e-12
"ENSG00000073756.11"	295.641342238169	-1.04570300715762	0.138564754693051	-7.54667382390322	4.46515002842907e-14	1.46667453913088e-12
"ENSG00000074660.15"	34.435788242085	-1.3586421075	0.330058290655026	-4.11637018662269	3.84885946177153e-05	0.000318639824458382
"ENSG00000076356.6"	68.7350425435282	-1.64461220988537	0.252688672758421	-6.50845244439457	7.59289381310209e-11	1.76157915199124e-09
"ENSG00000077782.19"	243.888529720223	-1.23251914706535	0.129917641117077	-9.486926767356	2.37945906347451e-21	1.37132552117242e-19
"ENSG00000079215.13"	311.731798994818	-1.07653664327626	0.122288337765342	-8.80326499606215	1.32892275779706e-18	6.28709389780182e-17
"ENSG00000079337.15"	51.7287385581157	-1.05249303607353	0.280318272005909	-3.75463585923982	0.000173593666480083	0.00122345419527569
"ENSG00000080031.9"	21.9757501999218	-1.64380689227235	0.432075055486324	-3.80444756391262	0.000142121012787232	0.00102500132032384
"ENSG00000081052.11"	25.3976821664625	-1.85421825277275	0.421355393581928	-4.40060405305388	1.07949946743242e-05	0.000102141595131161
"ENSG00000082397.17"	1103.59673146782	-1.16241138468347	0.078105744662797	-14.8825337969942	4.2797896916527e-50	8.89564811483026e-48
"ENSG00000088827.12"	727.410411199749	-2.86809814479431	0.120223020252033	-23.8564805540709	8.67367727657819e-126	8.45950416844115e-123
"ENSG00000088882.7"	750.955669043243	-2.80270110439802	0.0976406767261993	-28.7042367829676	3.37788937138938e-181	8.56565186796918e-178
"ENSG00000089127.12"	1869.37773376685	-2.1393307263669	0.0868549168502535	-24.6310836962209	5.86978686098597e-134	6.76572978276737e-131
"ENSG00000089335.20"	93.4936816583285	-1.07029700245009	0.219240362767422	-4.88184287300008	1.05098987337311e-06	1.22028393814081e-05
"ENSG00000090238.11"	418.534561449525	-1.17827043607973	0.104621920077794	-11.2621756052995	2.01716358041219e-29	1.86004487534881e-27
"ENSG00000090382.6"	29112.264776974	-1.67330250339263	0.0439963851986251	-38.0327269124129	0	0
"ENSG00000090659.17"	256.414391413544	-1.33917119658195	0.144579337179125	-9.26253517764294	1.99634816476502e-20	1.07252959241761e-18
"ENSG00000091106.18"	51.6060545198934	-1.17653107962083	0.288107293535071	-4.08365600601367	4.43326428395986e-05	0.00036043191956606
"ENSG00000092345.13"	37.4667883733844	-8.67124630601008	1.21861729447132	-7.11564356205199	1.11391829892169e-12	3.1737910364108e-11
"ENSG00000092607.13"	37.8085861588337	-1.64453096801145	0.340864958702607	-4.82458206989312	1.40297139508882e-06	1.59321758337046e-05
"ENSG00000095370.19"	120.221237351719	-1.8939963409803	0.188470978912525	-10.0492731130736	9.25475323476639e-24	6.34275763587044e-22
"ENSG00000095585.16"	30.8579380574223	-1.35525093249103	0.376840438494347	-3.59635217999927	0.000322710827631552	0.00211181965602088
"ENSG00000096433.10"	385.709485096549	-1.09576693195403	0.106720596813528	-10.2676237265489	9.86034769455986e-25	7.26856676856537e-23
"ENSG00000099377.13"	71.4273265585146	-1.62541651795068	0.246278351549835	-6.59991634555737	4.11389849822382e-11	9.88817422919048e-10
"ENSG00000099399.5"	297.488499292755	-3.01982278187506	0.145383679932066	-20.7714014618845	7.85332208472979e-96	4.52601230510405e-93
"ENSG00000099957.16"	55.8084260046188	1.12751014401984	0.291160165290427	3.87247391103508	0.000107736211104655	0.000801165642578252
"ENSG00000100122.5"	81.7579993782405	1.18703759274369	0.21975900452054	5.40154245480639	6.6070297490127e-08	9.50317982844379e-07
"ENSG00000100290.2"	110.011886532943	-1.2755956274731	0.196488938466674	-6.49194625115982	8.47344918077903e-11	1.95691916508374e-09
"ENSG00000100292.16"	119.253960060897	-1.8433427593557	0.20830909390937	-8.84907482799428	8.82477914778437e-19	4.25434885227217e-17
"ENSG00000100302.6"	70.1150345805987	-2.99205967513991	0.284073214118804	-10.5327060998035	6.10536245548857e-26	4.85328467543195e-24
"ENSG00000100439.10"	129.766334386277	-1.4666122937569	0.186121241217987	-7.87987595698004	3.27706239032342e-15	1.18883759790874e-13
"ENSG00000100599.15"	93.1025021961342	-1.34296073437363	0.204386396573935	-6.57069529521172	5.00808505647251e-11	1.18909195563699e-09
"ENSG00000100852.12"	78.1865755079555	-1.62316610936899	0.239756946676807	-6.77004830044411	1.28739409196672e-11	3.25156766773825e-10
"ENSG00000101210.10"	660.574936320314	-1.13767109468272	0.0875055116810994	-13.0011364178841	1.20538649373715e-38	1.65222652476684e-36
"ENSG00000101298.13"	31.2563553440872	-1.83839019951023	0.369080156589094	-4.98100525506429	6.3254821955663e-07	7.65274701885355e-06
"ENSG00000101335.9"	345.035289956787	-1.03587324321414	0.111631277979916	-9.27941757865131	1.70407485582987e-20	9.25308997733056e-19
"ENSG00000101605.12"	26.2086785777756	-1.65107806669771	0.413589286828753	-3.99207165001192	6.54985747830004e-05	0.000513717731867749
"ENSG00000102445.18"	214.880518815977	-1.30315545889163	0.152398241554266	-8.55098750222521	1.22039839564558e-17	5.37271918694109e-16
"ENSG00000102524.11"	1406.97952084858	-1.60389322059018	0.0738466695178819	-21.7192356955488	1.35006353533326e-104	1.00690915085238e-101
"ENSG00000102962.4"	31.9293668388009	1.59758438831674	0.367344119700103	4.34901309872879	1.36751545011062e-05	0.000126606267922253
"ENSG00000102981.9"	62.4024568194112	-1.49777107568079	0.257900393799611	-5.80755637327392	6.33912112408436e-09	1.10478854310147e-07
"ENSG00000102996.4"	104.987737499943	-1.86113574620702	0.208363499806081	-8.93215821359851	4.177774475274e-19	2.08133605390959e-17
"ENSG00000103888.15"	46.1678871650264	-1.51049525309276	0.297804701394169	-5.07210009117184	3.93449339964628e-07	4.90756928815694e-06
"ENSG00000104081.13"	822.506516891178	-1.281773975589	0.077554795904092	-16.5273334891386	2.33235751584903e-61	6.42868716161953e-59
"ENSG00000104490.17"	21.0055223686146	-4.32278911209324	0.689740472648651	-6.2672690432293	3.67435005447949e-10	7.7580490159443e-09
"ENSG00000104879.4"	78.6320978985135	-6.54551674512174	0.67151002485694	-9.74745946125855	1.89142345912792e-22	1.17268254465931e-20
"ENSG00000104921.14"	34.3345351536789	-1.42160918978829	0.338815755206556	-4.19581783887711	2.71888708087931e-05	0.00023458842666532
"ENSG00000105146.12"	28.0060708377578	-2.73054840271673	0.439233930007896	-6.21661537547347	5.07992900209729e-10	1.04559123080506e-08
"ENSG00000105255.10"	32.1014738559441	1.68614881117179	0.355021991673373	4.74942074214683	2.04000127145305e-06	2.25699617109539e-05
"ENSG00000105464.3"	261.715214566784	-3.08139570411362	0.153644347766505	-20.0553795105854	1.81156280146529e-89	9.57033531657433e-87
"ENSG00000105612.8"	65.799589736506	-5.12534641721363	0.477960051692109	-10.7233782385547	7.90617873469848e-27	6.55179347563673e-25
"ENSG00000105639.18"	55.4102711507248	-2.56811789332796	0.306193731156545	-8.38723210833792	4.97721697980763e-17	2.06905357662233e-15
"ENSG00000105880.4"	20.8021645770929	-3.10567910642145	0.549941150727082	-5.64729353734559	1.62993398022135e-08	2.6326029216849e-07
"ENSG00000105928.13"	22.7063696034795	-1.42439695572041	0.432360868891963	-3.29446316307671	0.000986098685351964	0.0056141648996756
"ENSG00000106034.17"	112.768846643702	-1.51999427578742	0.201879094930608	-7.52923068289904	5.10401424062297e-14	1.66788135455821e-12
"ENSG00000106330.11"	1276.77971828934	-1.12969273253746	0.0741154250627691	-15.2423430288731	1.85111251706644e-52	4.04659579377335e-50
"ENSG00000106333.12"	264.025832907661	-1.96576337637387	0.13609405509213	-14.4441531633629	2.72890665303915e-47	5.28241335173792e-45
"ENSG00000106366.8"	26.7212338076313	-1.40192235389873	0.392883511941456	-3.56829011981453	0.000359318513811862	0.00232142646452005
"ENSG00000106484.14"	51.610384005433	-2.55702109215251	0.309060583349771	-8.27352703614963	1.30053294258001e-16	5.2181826515734e-15
"ENSG00000106537.7"	33.4810703265302	-1.30061771626366	0.346923816645116	-3.74900094447573	0.000177540416999699	0.00124676540965892
"ENSG00000106571.12"	38.0136350198546	-1.69026451131484	0.392836055708874	-4.30272243790033	1.68712151837299e-05	0.000152683895299437
"ENSG00000106733.20"	54.5133810655799	-1.41994393161938	0.266179146010751	-5.33454236704942	9.57858221712766e-08	1.34047289107022e-06
"ENSG00000106789.12"	38.2354009320816	-1.43503317954713	0.329599109006659	-4.35387457166379	1.3375225253258e-05	0.00012405594805125
"ENSG00000107201.9"	1342.04298123241	-1.12770708494646	0.0776951151318816	-14.5145172001131	9.80455741151297e-48	1.92731757241198e-45
"ENSG00000107249.21"	52.931585663905	-2.01670329610183	0.301787827314144	-6.68252034566843	2.34867340696699e-11	5.78791644838377e-10
"ENSG00000107282.7"	30.2469118747771	-2.06724578451478	0.380646011751564	-5.43088780833991	5.60743804999213e-08	8.2050440895384e-07
"ENSG00000107317.11"	35.2134639752488	-3.10535703769794	0.438572065482676	-7.08060836998431	1.43522976232292e-12	4.03487320543066e-11
"ENSG00000107438.8"	26.1989515991189	-2.77820356580625	0.45821926859166	-6.06304395348776	1.33569143690034e-09	2.58355937886489e-08
"ENSG00000107731.12"	547.405501429639	-1.19468673432777	0.09386821635378	-12.7272763959327	4.17137807044541e-37	5.48071529069196e-35
"ENSG00000108370.16"	29.3581545337879	-1.17728541817285	0.376717856904924	-3.12511179545698	0.00177737496680842	0.00934107241623377
"ENSG00000108679.12"	469.119676861331	-3.46381629818097	0.14368281713283	-24.1073801815759	2.09170511154804e-128	2.12165832874541e-125
"ENSG00000108691.9"	24.115271396548	-1.8782602764722	0.449868384792669	-4.17513286099852	2.97812191607562e-05	0.000253931457793697
"ENSG00000108771.12"	408.198145278887	-1.4484017944001	0.118881816233929	-12.1835436257974	3.80387804812496e-34	4.50741773571742e-32
"ENSG00000109501.13"	45.2280350051861	-1.18362104414387	0.286739437836229	-4.12786274910638	3.66150541665605e-05	0.00030479634800217
"ENSG00000109654.14"	30.0624512309044	-1.4244074495788	0.391725678786956	-3.63623710855442	0.000276649702417226	0.00184855946084217
"ENSG00000109705.7"	38.2908559753113	-1.25049016833954	0.324236864684438	-3.85671804949314	0.00011491958713665	0.00085009652584923
"ENSG00000110042.7"	1332.63491274781	-2.45630473422509	0.0894608282199094	-27.456762731808	5.76894726615471e-166	1.12529972903962e-162
"ENSG00000111057.10"	138.166679172245	-1.03445854850903	0.179015979078057	-5.77858219046451	7.53327412075906e-09	1.29423282624802e-07
"ENSG00000111077.17"	188.961304360638	-1.31021911454757	0.156556210439212	-8.36900120967291	5.81086540249547e-17	2.40378344007308e-15
"ENSG00000111331.12"	5400.98898153968	-2.6563353137455	0.139243808387075	-19.076864849612	3.93145433730591e-81	1.74901436991935e-78
"ENSG00000111335.12"	8867.45335552527	-1.54590675294908	0.0683707220087309	-22.6106542030033	3.40455637125079e-113	2.87775801540591e-110
"ENSG00000111490.12"	404.096851013549	-2.48382905599635	0.515461392043286	-4.81865197731002	1.44531410504642e-06	1.63909995866579e-05
"ENSG00000111674.8"	1415.35524023571	-1.00207375320141	0.0886465965464959	-11.3041424289291	1.25171028879202e-29	1.17558775937734e-27
"ENSG00000112232.8"	33.326863788517	-1.36239984036605	0.339806094624815	-4.00934492322835	6.08874239027516e-05	0.000479497917803098
"ENSG00000112297.14"	349.885330755232	-1.85480580588202	0.129216606441403	-14.3542370981793	1.00222308486602e-46	1.84162123087193e-44
"ENSG00000112379.8"	517.505762565524	-1.02658580552305	0.0960497624483259	-10.6880618895372	1.15764764556158e-26	9.43910900197768e-25
"ENSG00000112773.15"	612.102492288787	-1.33517123949068	0.0872854129120717	-15.2966136602422	8.05395553314924e-53	1.77593221225738e-50
"ENSG00000112799.8"	1183.50283607433	-1.07958675111051	0.0693180340502715	-15.5743994460021	1.0866886152553e-54	2.55150462089294e-52
"ENSG00000113140.10"	38.3398313824791	-5.22351916848522	0.651873001366736	-8.01309328279195	1.11858730667893e-15	4.19602617200654e-14
"ENSG00000113916.17"	501.315686949916	-1.39261757467916	0.103146027129423	-13.5014174897087	1.5339607628476e-41	2.31536768001722e-39
"ENSG00000114013.15"	803.666276866697	-2.8347009888819	0.104885599763855	-27.0265984583592	7.19733347315104e-161	1.30364273008689e-157
"ENSG00000115165.9"	186.885997143896	-1.22029148115907	0.15693121168586	-7.77596418233111	7.48748921279975e-15	2.64071976993291e-13
"ENSG00000115267.5"	769.318602378704	-1.53606059564449	0.0942029060620305	-16.3058727151477	8.96492771834473e-60	2.36804830293527e-57
"ENSG00000115415.18"	16784.744433868	-1.15276282121058	0.0543224452028186	-21.220746174194	6.14412357096323e-100	4.21088339222934e-97
"ENSG00000115461.4"	1438.30412544035	-4.96985852213164	0.120083241352732	-41.3867785891387	0	0
"ENSG00000115738.9"	1291.93681024404	-1.26457389620575	0.0909769601920223	-13.8999356929123	6.33982997424863e-44	1.05766716109866e-41
"ENSG00000115844.10"	31.9423582672732	-1.66382762235128	0.353993499442217	-4.70016433909932	2.59952209352101e-06	2.80624441240978e-05
"ENSG00000115884.10"	61.5752258707986	-1.35397121853666	0.2585654775838	-5.23647329561945	1.63673910811965e-07	2.17756717228216e-06
"ENSG00000116016.13"	726.875786554236	-1.11068412478502	0.0826454944392683	-13.4391370312534	3.56570613798155e-41	5.28767112555182e-39
"ENSG00000116147.16"	40.4749290318919	-1.87755066107824	0.341762632989447	-5.49372716570866	3.93538321448207e-08	5.92245979542055e-07
"ENSG00000116663.10"	300.824205569118	-1.06425576849327	0.13556070082436	-7.85076915375483	4.13493447464666e-15	1.48307876107624e-13
"ENSG00000116701.14"	162.798992570401	-1.30274185395743	0.18480872774864	-7.04913598955835	1.800321412068e-12	5.02228276867109e-11
"ENSG00000116741.7"	382.310981975779	-1.25998465715229	0.109654135711876	-11.4905347524966	1.47197903906577e-30	1.46954505797755e-28
"ENSG00000116774.11"	33.0331646673498	-3.23886898810527	0.444110513682219	-7.29293472755482	3.03275044911707e-13	9.18811061991764e-12
"ENSG00000116962.14"	110.183524111272	-3.14977709254912	0.242180749051524	-13.0058937586282	1.13266862018646e-38	1.56098972123306e-36
"ENSG00000116990.10"	121.906087044623	-1.04372631383175	0.185750765884318	-5.61896102480551	1.92109182892154e-08	3.07350451721087e-07
"ENSG00000117228.9"	28.7436244603743	-2.56184650730402	0.422301577923801	-6.06639103718023	1.30816404812794e-09	2.53611803764742e-08
"ENSG00000117245.12"	57.4353862267441	-2.84870301695223	0.331840549451902	-8.58455370103928	9.11897446100852e-18	4.04971899093264e-16
"ENSG00000117266.15"	598.986858160961	-1.11652716597039	0.0885523991099432	-12.6086608289873	1.8918021831014e-36	2.39861598795427e-34
"ENSG00000117594.9"	1095.83436401713	1.11783221437935	0.0829947771582711	13.4687055336945	2.39019674404936e-41	3.56532994327081e-39
"ENSG00000117834.12"	61.7588746878074	1.11858101321647	0.257813420745428	4.33872298029429	1.4331303127907e-05	0.00013200624217852
"ENSG00000118515.11"	33.4681728657663	-1.91938153754716	0.360843414245427	-5.31915357679686	1.04251109754162e-07	1.45093284365864e-06
"ENSG00000118785.13"	74.2081865196759	-1.98261694138425	0.260979511115646	-7.59682985422449	3.03473118373773e-14	1.00990437476669e-12
"ENSG00000119514.6"	262.79125455742	-1.67046804235155	0.139693678788387	-11.9580789684982	5.89089722943945e-33	6.60979521876662e-31
"ENSG00000119630.13"	24.5419443458535	-3.63023918256409	0.557815092108431	-6.50796156992186	7.61773986894179e-11	1.76572804018854e-09
"ENSG00000119714.10"	48.1514331338477	-1.43686265525079	0.284933436896067	-5.04280112191571	4.58765999479072e-07	5.68869839354049e-06
"ENSG00000119782.13"	75.5681381344427	-1.37879110565314	0.231290932716735	-5.96128473113021	2.50262451220835e-09	4.64239593127867e-08
"ENSG00000119865.8"	228.726980387049	-1.17684310814435	0.133296157712098	-8.8287849278159	1.0581897695591e-18	5.06293890122256e-17
"ENSG00000119866.20"	27.1411879222807	-1.66791369113037	0.387852219117675	-4.30038455091145	1.70501979429684e-05	0.000154193623194648
"ENSG00000119917.13"	1197.10119338243	-1.98394139715222	0.0793537737150497	-25.0012230581034	5.9290028141893e-138	7.91303438748486e-135
"ENSG00000119922.9"	349.353072628583	-2.07997067382393	0.133898450454124	-15.5339413321782	2.04420209734087e-54	4.75567676920823e-52
"ENSG00000120332.15"	247.418983065231	-1.50486491514395	0.12927540895424	-11.6407670052441	2.55705634207005e-31	2.67941465794266e-29
"ENSG00000120341.18"	51.990888539838	-1.37118952016581	0.286679976762834	-4.78299717911648	1.72700550207164e-06	1.93348368748489e-05
"ENSG00000120594.16"	510.083505462171	-1.90628349870733	0.107345752629053	-17.7583504891408	1.4853597787905e-70	5.30503567191119e-68
"ENSG00000120708.16"	744.753446846734	-3.06199006319636	0.10379163648088	-29.5013179001221	2.7690431844075e-191	7.80193300780059e-188
"ENSG00000120885.20"	22.7057033785603	-1.88703646559123	0.439786978269523	-4.29079658751235	1.78033336115051e-05	0.000160432456901402
"ENSG00000121297.6"	50.2490949211869	-1.20995668504087	0.27985797532333	-4.32346687151925	1.53596211780371e-05	0.000140210393694206
"ENSG00000121310.16"	50.514864166338	-3.29697341643238	0.359841562259933	-9.16229185902322	5.08066122369465e-20	2.67849079647503e-18
"ENSG00000121440.14"	99.9831433411104	-2.539844389512	0.248705289213898	-10.2122652780722	1.74736930300309e-24	1.25880087458956e-22
"ENSG00000121895.7"	36.0169923766574	-1.03121898474347	0.327173849365563	-3.1518991714746	0.00162212276425063	0.00864882023882831
"ENSG00000122223.12"	707.468708189249	-1.15230160970554	0.0860692398131436	-13.3880769971617	7.09951695293276e-41	1.03465259133603e-38
"ENSG00000122386.10"	30.9136846495669	-3.61569164184007	0.479899293575864	-7.53427164874226	4.9106803223884e-14	1.60677460148548e-12
"ENSG00000122420.9"	25.0100649984269	-4.1513701406936	0.62575426449893	-6.6341859356209	3.26298303583385e-11	7.92554825887689e-10
"ENSG00000122641.10"	68.5422568200654	-1.06683464889141	0.236577680879025	-4.50944757310788	6.49966540294685e-06	6.45334828848575e-05
"ENSG00000122986.13"	103.633180145403	-1.05712296644562	0.193822217959026	-5.45408559233957	4.92254886599564e-08	7.31259485318789e-07
"ENSG00000123405.13"	119.789895888949	-1.85269072322375	0.198075549167008	-9.3534549368415	8.48304533421007e-21	4.71739174528287e-19
"ENSG00000124107.5"	377.283777522957	-2.59830129665853	0.146749165454499	-17.7057313314954	3.78729088018606e-70	1.33386280749664e-67
"ENSG00000124406.16"	74.323132258201	-1.08445971832258	0.227982043261809	-4.75677690578995	1.96708351180723e-06	2.18108017894218e-05
"ENSG00000124635.8"	22.5281254966335	-2.28699203666099	0.460369591116844	-4.9677304513376	6.77410329108673e-07	8.14112375617902e-06
"ENSG00000124785.8"	60.4805374154317	-2.30780764589996	0.286340123870393	-8.05967258345026	7.64990685298e-16	2.90594807992494e-14
"ENSG00000125266.6"	43.7412543277269	-1.40423386987413	0.300978898445762	-4.66555588157681	3.07783833114615e-06	3.27453904608854e-05
"ENSG00000125384.6"	42.2443454926881	-1.88556800736559	0.314187227253553	-6.00141521935236	1.95605068991072e-09	3.6933383019178e-08
"ENSG00000125730.16"	142.66534794968	-2.88704516596736	0.208748523939738	-13.830254276676	1.67427631051488e-43	2.72155760782285e-41
"ENSG00000125810.9"	63.6933973126004	-6.23844846233999	0.679343994866665	-9.18304792487995	4.19058734857294e-20	2.21847419593137e-18
"ENSG00000126561.16"	235.75144962586	-1.04050554187293	0.133401247081231	-7.79981870213962	6.19961778370632e-15	2.19873996866049e-13
"ENSG00000126709.14"	5446.8387796872	-2.7529785243614	0.137955282159654	-19.9555861962242	1.34041857091747e-88	6.79806682426503e-86
"ENSG00000127561.14"	46.1421277372669	-2.40461894184121	0.323086264401235	-7.44265295925721	9.86830902848821e-14	3.15164458872045e-12
"ENSG00000127824.13"	250.234608887153	-1.66531135730613	0.13380911502648	-12.445425388073	1.48093259571154e-35	1.81417820106537e-33
"ENSG00000127920.5"	364.918054392388	-1.56249640297662	0.128159498584211	-12.1918111434397	3.43696817229617e-34	4.09176708512142e-32
"ENSG00000127951.6"	79.9093306882572	-2.45461303800791	0.246695769692723	-9.94995998944492	2.52284623540299e-23	1.65736618749609e-21
"ENSG00000128512.19"	43.2810581649645	-1.38231376679672	0.31400883783337	-4.40214923992123	1.07183785393668e-05	0.000101568252242625
"ENSG00000128573.23"	22.158309681468	-1.37704279100346	0.416964459880601	-3.30254235912044	0.000958126156031946	0.00547580866906876
"ENSG00000128591.15"	53.6296722708665	-1.02794449253005	0.281318076018612	-3.65402930049202	0.000258156788051205	0.0017405849059831
"ENSG00000128641.18"	198.632843214215	-1.65105785384443	0.162282090806778	-10.1739991494827	2.59049300974961e-24	1.85041469693608e-22
"ENSG00000128833.12"	50.898924321932	-3.61912622845411	0.374995870475144	-9.65110955453576	4.86267101270007e-22	2.92198131611489e-20
"ENSG00000129009.12"	32.9336701848637	-2.66036331494106	0.390441849735489	-6.81372480112817	9.51035563107566e-12	2.44836140195753e-10
"ENSG00000129422.14"	39.5665582403531	-1.00574870410031	0.319189625606551	-3.15094421439639	0.00162743570788581	0.0086662147586242
"ENSG00000129465.15"	63.7248969811624	-1.40253846936368	0.255090995035357	-5.49818886852232	3.83711831944337e-08	5.78487790395036e-07
"ENSG00000130529.15"	188.281567357017	-1.15043959942575	0.146146119289677	-7.8718450070197	3.49448928963321e-15	1.26543101490268e-13
"ENSG00000130589.16"	2042.83379038136	-1.44053870448671	0.075887274346136	-18.9826122613937	2.37489297380499e-80	1.02072094965673e-77
"ENSG00000130592.14"	872.820460437907	-2.23302454527064	0.0905832497535406	-24.6516276612538	3.53515158163346e-134	4.26877970509816e-131
"ENSG00000130600.16"	93.55464012916	-9.02670466017251	1.1907411101746	-7.58074495206511	3.43576424313713e-14	1.14186251215559e-12
"ENSG00000130720.12"	20.6959587690318	-1.71559062312495	0.435581760985711	-3.93861905338417	8.19519274657127e-05	0.000625568024285232
"ENSG00000130751.9"	226.721827406043	1.55410449514847	0.155141740737438	10.0173202115776	1.27924425517405e-23	8.58176609066232e-22
"ENSG00000130812.10"	167.268686743823	-1.03059908408841	0.160164813508937	-6.4346160777124	1.23785809346443e-10	2.79266953150099e-09
"ENSG00000131378.13"	309.733998460792	-1.29644349931523	0.115751647308412	-11.2002164069506	4.06738702138721e-29	3.71010072260204e-27
"ENSG00000131398.13"	122.130903160339	-1.18506853075616	0.185531604611685	-6.38742134115903	1.68706335936696e-10	3.74610793930187e-09
"ENSG00000131400.7"	94.2703420639762	-1.66093650601869	0.215032591614637	-7.72411518434042	1.1263295906875e-14	3.92867479513805e-13
"ENSG00000131401.11"	1352.01641499592	-1.74074798957909	0.0755804738667165	-23.0317157398197	2.24330674539481e-117	2.0316347303472e-114
"ENSG00000131668.13"	3146.90941082036	-1.1749902086591	0.0636527239699024	-18.4593861091425	4.38294771501154e-76	1.82201292061086e-73
"ENSG00000131773.13"	27.8230225039712	-1.52732890925246	0.384672369660903	-3.97046689524084	7.17319230551864e-05	0.000555074185179559
"ENSG00000131941.7"	260.748427964316	1.03249273292041	0.146515755041706	7.04697411296489	1.82850319790959e-12	5.08970187624495e-11
"ENSG00000131981.15"	146.501311773092	-1.41360705149986	0.167028523659807	-8.46326735413771	2.59988764992675e-17	1.10432078771931e-15
"ENSG00000132185.16"	26.2893984518576	-2.21390772584931	0.420063448009527	-5.27041268727362	1.36117364766418e-07	1.84186986966213e-06
"ENSG00000132386.10"	59.3330243287763	-1.37666412098579	0.258030551170322	-5.33527566693868	9.53995093516173e-08	1.33580384215257e-06
"ENSG00000132530.16"	4156.76076560955	-1.06711287907997	0.0609944746626543	-17.4952384618756	1.5575919027227e-68	5.1970283512161e-66
"ENSG00000132669.12"	127.198312671622	-1.82602496286472	0.191033909104238	-9.55864313004428	1.19310628906113e-21	7.00342344398427e-20
"ENSG00000133048.12"	1588.61310342538	-2.13245218679693	0.0830713872294326	-25.670116485564	2.52128216508798e-145	3.99591707139381e-142
"ENSG00000133101.9"	134.726702194287	-2.39778839753369	0.192513510849522	-12.4551694421485	1.31072812162078e-35	1.62133871746633e-33
"ENSG00000133106.14"	182.093897599633	-3.28006002920714	0.198221908190797	-16.5474142547853	1.67128182570128e-61	4.65718291605857e-59
"ENSG00000133246.11"	434.817764622545	-1.44845750901421	0.108375489340739	-13.3651761835203	9.66060002158376e-41	1.39984854484183e-38
"ENSG00000133321.10"	44.9252736674605	-2.1709171715599	0.33275294146136	-6.52411113790856	6.84059749175413e-11	1.601697794976e-09
"ENSG00000134138.19"	263.56392696028	-1.00655533839146	0.156931531972394	-6.41397764834491	1.4177100298618e-10	3.17301773497224e-09
"ENSG00000134243.11"	42.0470958300239	-2.63490130673112	0.353325790555269	-7.45742704655169	8.82283847733136e-14	2.82843916698064e-12
"ENSG00000134321.11"	545.701309524155	-1.30893273022276	0.100454083888541	-13.0301594475252	8.24352082692266e-39	1.14229071655249e-36
"ENSG00000134326.11"	2671.11615918362	-1.24565839657542	0.0642648124690394	-19.3832106360776	1.06960847622219e-83	5.02280217408189e-81
"ENSG00000134363.11"	33.607242674605	-1.27422521883089	0.34201239736717	-3.72566967934479	0.000194797362809498	0.00135556298741033
"ENSG00000134369.15"	140.118938451304	-1.0341979791339	0.165928745339768	-6.23278369890764	4.58218668480099e-10	9.50859983250275e-09
"ENSG00000134594.4"	262.533265720733	-1.00095330818759	0.133179644582068	-7.51581303080277	5.65583347452417e-14	1.84108633179697e-12
"ENSG00000134755.14"	240.162170205135	-1.19136919587224	0.134250556428658	-8.87422166108739	7.04241765819821e-19	3.43426205724212e-17
"ENSG00000134827.7"	229.144607494163	-1.29676650720986	0.135944208451742	-9.53896103393176	1.44270376806757e-21	8.42951201628052e-20
"ENSG00000135046.13"	749.291373449704	-1.34400171659827	0.0831707008901422	-16.1595574188262	9.7257400040607e-59	2.51658484717318e-56
"ENSG00000135111.15"	43.5383581423514	-1.4225757526895	0.313576090620684	-4.53662060099574	5.71628067575106e-06	5.73845785335294e-05
"ENSG00000135114.12"	244.954159714608	-1.60357348623167	0.149691245238442	-10.7125402269007	8.88887287391217e-27	7.3183129330086e-25
"ENSG00000135127.11"	128.592491894697	1.08814201717579	0.183758147312172	5.92159875952186	3.18826745626493e-09	5.85855696782363e-08
"ENSG00000135205.14"	39.4408135035652	-1.16483143844571	0.308526360631358	-3.77546811903541	0.00015970745100201	0.00113441499790167
"ENSG00000135362.13"	42.9012060375659	-1.78272158208237	0.323497057220615	-5.51078145006619	3.57244073861828e-08	5.40190532199657e-07
"ENSG00000135549.14"	66.48461716315	-1.13193394451841	0.23949058381217	-4.72642358835356	2.28508723402433e-06	2.49441420922896e-05
"ENSG00000135899.16"	2908.80941643449	-1.15937736322365	0.0630645133415464	-18.3839896923436	1.76497177394564e-75	7.21873455543766e-73
"ENSG00000136160.14"	29.0204948711636	-1.23135422988128	0.36435178375084	-3.37957513808506	0.000725979600536816	0.00431032327567609
"ENSG00000136161.12"	394.715680991184	-1.13892786077433	0.113136343095876	-10.0668611836707	7.7409127757938e-24	5.36322585160052e-22
"ENSG00000136235.15"	62.075065211064	-3.26945275802151	0.325630108862082	-10.0403883702482	1.01274626441407e-23	6.88504551555279e-22
"ENSG00000136250.11"	70.2017874943198	-1.03861863450507	0.232597536375947	-4.46530367727695	7.99552607219593e-06	7.77715957570941e-05
"ENSG00000136383.6"	707.615817961367	-1.03549025588242	0.0850282614285432	-12.1781892100973	4.06200359703902e-34	4.79089707970769e-32
"ENSG00000136425.12"	84.9847247528953	-1.0250718647299	0.230549838623055	-4.44620508455822	8.74005136712611e-06	8.43662819061987e-05
"ENSG00000136931.9"	56.6631758602593	-1.70120716292848	0.275947837635331	-6.16495920934394	7.05013118859153e-10	1.41661827797388e-08
"ENSG00000137177.19"	21.991671096887	-2.48696013196474	0.483677105189066	-5.14177765555515	2.72151080448169e-07	3.46968682654835e-06
"ENSG00000137198.9"	52.8961181862922	-1.42767405341452	0.290657974550976	-4.91186954570942	9.02120686630047e-07	1.06301005444074e-05
"ENSG00000137331.11"	29.8417494306137	-1.61780525079329	0.378136363627796	-4.278364649388	1.8827141581346e-05	0.000168580033975908
"ENSG00000137474.19"	45.8585740809661	-2.59839291125332	0.338395385636265	-7.67857075346262	1.60873298208813e-14	5.54269714127592e-13
"ENSG00000137558.7"	35.3872440951054	-2.24563362329279	0.374794256790536	-5.9916436354248	2.07730736118194e-09	3.90774184457357e-08
"ENSG00000137628.16"	2149.33403979051	-1.67494286754508	0.0770109779652604	-21.7494039395351	6.99830693505464e-105	5.37766870482168e-102
"ENSG00000137868.18"	36.9339194537658	1.61347890614143	0.334945972523078	4.81713183170237	1.45636472208533e-06	1.65089390356012e-05
"ENSG00000137959.15"	3550.62680617794	-3.08348539424437	0.180630316219602	-17.0706969836426	2.45254415924043e-65	7.67797713457022e-63
"ENSG00000137965.10"	945.391775921648	-3.01930109819454	0.105832233150658	-28.5291258467202	5.10019663558123e-179	1.17573442077335e-175
"ENSG00000138080.13"	203.333698642893	-2.66751924853937	0.163312996172751	-16.3337842734677	5.67522677287376e-60	1.51486737375298e-57
"ENSG00000138134.11"	77.3163844595279	-1.03903157785904	0.229138819444967	-4.53450698740545	5.7738190709406e-06	5.79163386079556e-05
"ENSG00000138207.13"	82.9225279602627	-1.18628334059143	0.224172213110821	-5.2918393592563	1.21092236829638e-07	1.66071224528175e-06
"ENSG00000138378.17"	59.711980269635	-1.27143992562661	0.274974962632752	-4.62383888865076	3.76702495730791e-06	3.93103781347382e-05
"ENSG00000138496.16"	2239.10473565229	-1.66803918137332	0.0727847084482444	-22.9174398982367	3.11354041880715e-116	2.72252268759006e-113
"ENSG00000138640.14"	78.8099261980891	-1.02233734015623	0.231956673299498	-4.40744957070584	1.04594942826719e-05	9.93749928887202e-05
"ENSG00000138642.14"	599.943610368439	-1.30981959705185	0.0940931249907858	-13.92046015243	4.75830746217844e-44	7.99080533946496e-42
"ENSG00000138646.8"	1162.46677509414	-1.30039457263193	0.0740857442555761	-17.5525613692416	5.68570433613522e-69	1.92237454074289e-66
"ENSG00000139289.13"	263.129211362395	-1.65822516152104	0.137978546149327	-12.0179927082753	2.85830760389303e-33	3.25026745379011e-31
"ENSG00000139508.14"	64.0547679250178	-1.49000366658861	0.255911655992178	-5.82233607457938	5.80307080616765e-09	1.01907388852354e-07
"ENSG00000139626.15"	1190.44512503357	-1.63540537149802	0.0695352676685769	-23.5190778195143	2.6024871909081e-122	2.4442174143351e-119
"ENSG00000141314.12"	53.8261307229999	1.55174977922047	0.279221624665022	5.55741261473599	2.73802982923106e-08	4.24654192107898e-07
"ENSG00000141756.18"	137.440485720423	-1.80027186769291	0.180848126645023	-9.95460611669244	2.40774419866549e-23	1.58585915298077e-21
"ENSG00000142089.15"	2323.70833951439	-1.73385330281852	0.0717974783103125	-24.1492228365559	7.60833386177313e-129	8.03883875278512e-126
"ENSG00000142694.6"	306.731243332103	-1.5000373538241	0.137377826186344	-10.9190645642434	9.34533263192573e-28	8.06050832926438e-26
"ENSG00000142765.17"	44.6082459581812	-4.41374423978664	0.492252717461713	-8.96641924608559	3.06310338783481e-19	1.53203502384054e-17
"ENSG00000143217.8"	57.8992120021818	-2.44279894744277	0.286605859631202	-8.52319959747549	1.55204981667481e-17	6.77398954410324e-16
"ENSG00000143452.15"	42.9831935222734	-5.66124947183825	0.695131825896199	-8.14413793317473	3.81993575393791e-16	1.4879559270101e-14
"ENSG00000143546.9"	220.635838303995	-2.66852471758402	0.168931917579137	-15.7964507585367	3.29133120125089e-56	7.87373364163397e-54
"ENSG00000143845.14"	41.1058565063634	-1.42374211216402	0.308480868654903	-4.61533358088652	3.92464422638737e-06	4.07539427898161e-05
"ENSG00000145040.3"	32.8735372873508	1.39133713167614	0.358320167940911	3.88294395950825	0.000103199359012386	0.000769685101716499
"ENSG00000145423.4"	329.096445401426	-1.92416500499888	0.143562249773254	-13.4030011931267	5.8066688843388e-41	8.51130113115973e-39
"ENSG00000145431.10"	139.727878658508	-1.27742357607388	0.172211194731974	-7.41777314803506	1.19105873983329e-13	3.77535844058656e-12
"ENSG00000145491.11"	94.3484212569045	1.15521190000942	0.207656725869971	5.56308443740358	2.65047561618607e-08	4.1258907719611e-07
"ENSG00000145632.14"	234.007267038206	-1.65839137470735	0.148960133715229	-11.1331222209946	8.65498193541013e-29	7.81042818213986e-27
"ENSG00000145945.5"	112.27837804097	-1.12422009718078	0.18305018497536	-6.14159498026243	8.16969512696762e-10	1.6286723980318e-08
"ENSG00000146192.14"	116.708223372156	-1.96342325852698	0.193423512033629	-10.1509027412635	3.28312273751681e-24	2.33720783395675e-22
"ENSG00000146674.14"	324.107791824031	-3.03909025999924	0.146889512509668	-20.689634052664	4.29460006126943e-95	2.42005485230378e-92
"ENSG00000147036.11"	25.8134289481609	-2.3111504372036	0.429584935302876	-5.37996155655258	7.45017465388683e-08	1.06096844805297e-06
"ENSG00000147155.10"	300.682318998389	-1.0087673962691	0.127627691751514	-7.90398527486596	2.7012495107934e-15	9.89859611195073e-14
"ENSG00000147168.12"	20.1949558095492	-2.93679035596075	0.525034484912298	-5.59351897895109	2.22512889502075e-08	3.51337599750537e-07
"ENSG00000147174.11"	361.877541530096	-4.1209623370363	0.46900053771038	-8.78669000499336	1.54031059574634e-18	7.23318446054363e-17
"ENSG00000147381.11"	321.123385454362	-8.9097973346261	0.728895522546537	-12.2236960703202	2.32278867030355e-34	2.79152962566623e-32
"ENSG00000147804.9"	115.117218910044	-5.49381014369243	0.405651242197928	-13.5431858014917	8.69352550951314e-42	1.32006239443254e-39
"ENSG00000147883.10"	74.5089057562314	-1.60023062216742	0.261880053025332	-6.11054795384751	9.92896369449054e-10	1.95632215512736e-08
"ENSG00000148180.18"	840.951647798366	-1.0971181425509	0.080304268462321	-13.6620152771291	1.71179887709433e-42	2.6630549647459e-40
"ENSG00000148516.21"	117.958526284444	-1.07464064328263	0.198625852256696	-5.41037649970057	6.2892383383362e-08	9.09250318036085e-07
"ENSG00000149418.10"	551.447714531221	-1.06593783809925	0.103091172430971	-10.3397586133089	4.65709099610266e-25	3.5042882338033e-23
"ENSG00000149557.12"	394.076480837841	-1.35446421953685	0.110021465785136	-12.310908692873	7.91272374429803e-35	9.60051907693347e-33
"ENSG00000150347.14"	293.114616997128	-1.57166099624764	0.145905848078607	-10.7717477876617	4.68030849746335e-27	3.92990936684357e-25
"ENSG00000150637.8"	95.5152210013263	-1.77037923118169	0.21015459410621	-8.42417572982942	3.63298672152327e-17	1.51521837638795e-15
"ENSG00000151150.21"	47.2920988628092	-1.50478963569162	0.296575767389227	-5.0738792617427	3.89786431027512e-07	4.86427377854116e-06
"ENSG00000151490.13"	61.5746926886776	-1.27678497888893	0.24957444745299	-5.11584816442166	3.12334240817486e-07	3.94627388074231e-06
"ENSG00000152315.4"	384.526286565482	-1.51569566267024	0.111534619082	-13.5894637480754	4.62456245474525e-42	7.0644370317729e-40
"ENSG00000152661.7"	319.512316286053	-2.67261046355532	0.139227953756449	-19.1959329390886	4.00230917547398e-82	1.84528283766671e-79
"ENSG00000152778.8"	468.385650122595	-1.90674029449346	0.114943397130533	-16.5885152352694	8.43806816926121e-62	2.37747258484584e-59
"ENSG00000153064.11"	436.209148346915	-1.07222170064455	0.0985874156146103	-10.8758475304393	1.50252845258394e-27	1.28286587544187e-25
"ENSG00000153132.12"	32.9251656647028	-2.31939443780007	0.390067175386679	-5.94614103455597	2.74537629361161e-09	5.07414373567079e-08
"ENSG00000154188.9"	23.1146957608287	-3.27496368106261	0.542076460189211	-6.04151613578551	1.52672735762657e-09	2.93293578293141e-08
"ENSG00000154310.16"	189.796560751774	-1.24554883429942	0.150512173910051	-8.27540259330639	1.28022317758942e-16	5.14483349244254e-15
"ENSG00000154451.14"	28.9335151921938	-3.75144148344283	0.522025746887511	-7.18631505401823	6.65633506373095e-13	1.94460074361854e-11
"ENSG00000154654.14"	305.720396615085	-1.12118840663346	0.128052770711754	-8.75567471442882	2.02886076489989e-18	9.40545727172421e-17
"ENSG00000154678.16"	141.426543226384	-1.219546352525	0.193622287505968	-6.2985845701643	3.00375829216316e-10	6.40078174560282e-09
"ENSG00000154736.5"	258.448651384694	-1.22897206673216	0.12992961035166	-9.45875280781568	3.11637945483485e-21	1.77186435461215e-19
"ENSG00000154930.14"	65.9416289472225	-1.80594248410353	0.252933837569309	-7.13997977280786	9.3344654114654e-13	2.6959381993615e-11
"ENSG00000155307.17"	33.248229544158	-1.46770188593571	0.350256646194899	-4.19036127331331	2.78510653211796e-05	0.000239649580731073
"ENSG00000156414.18"	63.9830888436288	-5.55495448886174	0.559310653018906	-9.9317873866314	3.02778729648794e-23	1.97883067691601e-21
"ENSG00000156535.13"	386.910806416152	-1.10851794227698	0.107649146428541	-10.297507960389	7.23102696724148e-25	5.37725459927594e-23
"ENSG00000156587.15"	2079.07722126193	-1.39169443798935	0.0690943138978431	-20.1419532155278	3.16601153780399e-90	1.70816426756667e-87
"ENSG00000157554.18"	167.631334604913	1.43951886396126	0.165839679363268	8.68018359350557	3.9513047596497e-18	1.7860460979536e-16
"ENSG00000157601.13"	2604.03969872131	-2.82591522656649	0.147416550819251	-19.1695926329966	6.64269059926879e-82	3.00795264671889e-79
"ENSG00000158373.8"	55.7308468759277	-2.64959755340016	0.311884216695214	-8.49545251592343	1.97163246286558e-17	8.53185255859135e-16
"ENSG00000158406.4"	23.2939916019049	-1.64087430624605	0.450921251879003	-3.63893761806187	0.000273765099677232	0.00183218141927032
"ENSG00000159167.11"	30.5056400385769	-1.88489127418952	0.395932930272529	-4.76063274881458	1.92986945861453e-06	2.14262827195917e-05
"ENSG00000159618.15"	104.936430337121	-1.49515957985254	0.200970902785629	-7.43968186005213	1.00928067875354e-13	3.21524364972766e-12
"ENSG00000159753.13"	45.499130660516	-1.95537786137971	0.306398711345475	-6.38180837247373	1.75008877684307e-10	3.86911518772333e-09
"ENSG00000159784.17"	31.9481484654687	-1.54296461255631	0.350827143530431	-4.39807649154281	1.09214490635446e-05	0.000103222551380307
"ENSG00000159958.5"	120.551122173278	-1.98380704435889	0.198607114547366	-9.98860010065638	1.70979255566484e-23	1.13797689308528e-21
"ENSG00000160326.13"	165.552827395963	-1.01453553136121	0.155786534406741	-6.51234418446193	7.39869468687065e-11	1.72124862265749e-09
"ENSG00000160345.12"	37.3953520558727	1.24885782062096	0.313571508279301	3.9826890761663	6.81398758357847e-05	0.000530027905350868
"ENSG00000161133.16"	161.008204075281	-1.2433756173299	0.171184218918101	-7.26337757760699	3.77542138557448e-13	1.13432624994547e-11
"ENSG00000161653.10"	28.0584947787959	-1.5880281391595	0.402995356909407	-3.94056187480217	8.12909787623012e-05	0.000621029016110923
"ENSG00000161958.10"	72.0548260550274	-1.5338356086332	0.24720388862219	-6.20473899978741	5.47877525280848e-10	1.11950671120643e-08
"ENSG00000162039.14"	20.8957123936725	-2.07959452136212	0.494399102122598	-4.20630723727819	2.59577289269213e-05	0.000225346145199887
"ENSG00000162373.12"	97.6169539840272	-1.11633059536796	0.201344148916703	-5.5443905441215	2.94979786591226e-08	4.54164992615683e-07
"ENSG00000162595.5"	47.0171663227213	-1.712385175825	0.291246604830615	-5.87950261882333	4.11501090036658e-09	7.43752290887353e-08
"ENSG00000162645.12"	260.953913410988	-2.00720196133055	0.140228991162348	-14.3137445737361	1.79577767237424e-46	3.22959788766426e-44
"ENSG00000163220.10"	208.520482402868	-2.78050052533112	0.168506921085631	-16.5008090315658	3.62009747593337e-61	9.87079911771165e-59
"ENSG00000163235.15"	446.589500378011	-1.08670909366189	0.111151806531912	-9.77680100367863	1.41615873696926e-22	8.8669020375473e-21
"ENSG00000163412.12"	34.3459366463148	-1.96528024436529	0.372492570787219	-5.27602534518179	1.32015837606643e-07	1.79306781469162e-06
"ENSG00000163430.10"	24.4624112475029	-3.13618967809651	0.492042428985141	-6.37381960040526	1.84377456684855e-10	4.06207084849223e-09
"ENSG00000163449.10"	42.2024723338208	-1.91869595526083	0.324442007510262	-5.91383332258584	3.34236119537537e-09	6.12395919019716e-08
"ENSG00000163508.12"	320.775384240997	-1.61826937639881	0.137101239609074	-11.8034627623579	3.74573894740931e-32	4.07658576087576e-30
"ENSG00000163536.12"	30.1682060077836	-3.17912588684573	0.465442590291199	-6.83032870897515	8.47202828122222e-12	2.18994590372307e-10
"ENSG00000163637.11"	27.9721833569717	-2.26009725406175	0.398957745592187	-5.66500407381992	1.4702104341133e-08	2.40061791295847e-07
"ENSG00000163993.6"	45.2471897453565	-3.36764839560149	0.381480098819279	-8.82784817877712	1.06708768193128e-18	5.09589631608536e-17
"ENSG00000164088.17"	672.143376458399	-1.86092189585311	0.0886361042753561	-20.9950776951115	7.27439117370822e-98	4.72984644571521e-95
"ENSG00000164125.15"	384.607855257714	-1.47455579417985	0.112371031908328	-13.122205688943	2.45678811288244e-39	3.46106849813738e-37
"ENSG00000164176.12"	31.8663224915803	-3.45348694994425	0.470794430525327	-7.33544563407588	2.20984933123887e-13	6.7924071929158e-12
"ENSG00000164237.8"	137.452346983113	-1.00860818855851	0.167406056155831	-6.02492055376801	1.69192711554138e-09	3.23314904264494e-08
"ENSG00000164692.17"	548.455067463948	-5.18639852845719	0.172556418611247	-30.0562480966972	1.80915115992351e-198	6.55377930190576e-195
"ENSG00000164904.16"	73.942613476364	-1.07291558585849	0.233026209834208	-4.6042699944433	4.13915188360232e-06	4.2632255671969e-05
"ENSG00000164932.12"	29.9401172903944	-3.08005735201531	0.442874816196768	-6.95469066962445	3.53336459652804e-12	9.48138195119132e-11
"ENSG00000165949.12"	5357.50635497249	-3.3919458211599	0.0780301364968476	-43.4696897050402	0	0
"ENSG00000166016.5"	29.4954357307796	-1.87157095177834	0.379957690575921	-4.9257351494623	8.40437711941854e-07	9.94949556462257e-06
"ENSG00000166145.14"	417.410796550018	-1.1294660226401	0.106347877508258	-10.6204848569018	2.39314845161286e-26	1.93883253789134e-24
"ENSG00000166394.14"	153.860930383252	-1.28314657277704	0.168610192406122	-7.61013646011625	2.73806676508858e-14	9.15988087455357e-13
"ENSG00000166450.12"	150.795764239198	1.07507501240701	0.162955053860444	6.59737140357554	4.18511421333888e-11	1.00413942046705e-09
"ENSG00000166750.9"	597.914457810516	-2.87351631728313	0.116389351823997	-24.6888248130158	1.41000206439217e-134	1.78774161744283e-131
"ENSG00000166823.5"	45.2420375549886	-1.10975113387735	0.28585965233564	-3.88215379403858	0.000103535359893063	0.000771964027100349
"ENSG00000166825.13"	569.845070498949	-1.58079429628904	0.0909637852383316	-17.3782818310303	1.20510257574477e-67	3.86822672351086e-65
"ENSG00000167207.11"	244.656099438711	-1.63337879935273	0.135222931441699	-12.0791553765196	1.36110661827867e-33	1.56176206453894e-31
"ENSG00000167208.14"	74.2578469145346	-7.20581995400205	0.856505735602286	-8.41304343272727	3.99506951329541e-17	1.6634970889679e-15
"ENSG00000167419.10"	227.162415986293	-1.03591467805014	0.144047734239189	-7.19146804718233	6.40983363065412e-13	1.87691179221856e-11
"ENSG00000167601.11"	576.604484644774	-1.72260563339739	0.108958939119449	-15.809676996845	2.66831355448801e-56	6.44410429663875e-54
"ENSG00000167705.11"	100.148747018953	-1.13562418364673	0.197736833489603	-5.74310897775369	9.29538608174243e-09	1.576671573651e-07
"ENSG00000167771.5"	228.526744613127	-1.22009682425121	0.1343630539994	-9.08059758939876	1.07980345200765e-19	5.48730579879959e-18
"ENSG00000167851.13"	406.716905004623	-1.1795672707468	0.222318105144545	-5.30576342390053	1.12202402165195e-07	1.55137868817068e-06
"ENSG00000167992.12"	43.8821856889211	-1.60933872989508	0.327203807080343	-4.91845967275045	8.72278824691928e-07	1.03071977803066e-05
"ENSG00000168016.13"	535.965771705862	-1.40021122706322	0.100841673800581	-13.8852438113255	7.78350757997601e-44	1.29002735433354e-41
"ENSG00000168056.15"	611.970160184343	-1.30595228536507	0.0908472690173169	-14.3752508962722	7.40013952027534e-47	1.36972801427111e-44
"ENSG00000168243.10"	881.67095191526	1.18531164893125	0.077458027182329	15.3026315289587	7.34266736456876e-53	1.63329262307662e-50
"ENSG00000168306.12"	20.0230407089653	-1.4031746443668	0.451670236524313	-3.10663517517667	0.00189229771784555	0.00987749805045853
"ENSG00000168386.18"	96.4135482633111	-2.24160230928465	0.227817904052258	-9.83944751230111	7.61277373763076e-23	4.86258731583982e-21
"ENSG00000168394.10"	1986.0578328073	-1.64979546669663	0.0652192347759193	-25.2961487874706	3.52163778492374e-141	5.2530406441233e-138
"ENSG00000168453.14"	21.7654480301093	-2.46887274118644	0.495586865437655	-4.98171544358054	6.30230649117284e-07	7.62834787604587e-06
"ENSG00000168528.11"	96.7206884081108	-1.15425085196748	0.197025456984944	-5.85838434094173	4.67391953108668e-09	8.35833931377263e-08
"ENSG00000168594.15"	34.8637606367785	1.01287206355289	0.325016825545886	3.11636808910343	0.00183093574437406	0.00959869104937717
"ENSG00000168913.6"	48.0571983827513	-2.63397552622344	0.331560799380317	-7.94417051456718	1.95494522142614e-15	7.23700743429547e-14
"ENSG00000168938.5"	115.779548776104	-1.4841167585986	0.184224810852213	-8.0560091321748	7.88257470617684e-16	2.98783750970452e-14
"ENSG00000168961.16"	3200.65723013911	-1.33560888525815	0.0615979814591738	-21.6826729321216	2.99000864578292e-104	2.16630397827895e-101
"ENSG00000168993.14"	119.389310985921	2.34455428440575	0.204920570775961	11.4412832031833	2.6001107829657e-30	2.55556624939707e-28
"ENSG00000168995.13"	25.3133554030042	-1.38776277105101	0.424138589717004	-3.27195592359791	0.0010680622561522	0.00603877874950001
"ENSG00000169136.9"	2421.78558553211	-1.19395909375927	0.0651938666233343	-18.3139788387997	6.40165104904144e-75	2.57671535399354e-72
"ENSG00000169248.12"	52.3465932025148	-1.91029698591129	0.290358043343718	-6.57910820693173	4.73278260411377e-11	1.1258339706859e-09
"ENSG00000169403.11"	80.8597220615526	-1.8390547891326	0.228423202827648	-8.05108573195262	8.20627591840786e-16	3.10126296183288e-14
"ENSG00000169851.15"	22.4200574842535	-1.80036117499864	0.44797474338779	-4.01888990746104	5.84729829040445e-05	0.000462106458066233
"ENSG00000170298.15"	113.773658795595	-1.45033381896198	0.188930297595438	-7.67655499102436	1.63423917892986e-14	5.62293583436953e-13
"ENSG00000170365.9"	30.4365444233441	-3.59099129817657	0.484857152956339	-7.40628714309168	1.29884446489303e-13	4.08130086006908e-12
"ENSG00000170379.19"	74.7482567917673	-1.27825763963629	0.239373371361495	-5.34001602753843	9.29383646742807e-08	1.30278112294661e-06
"ENSG00000170421.12"	106.755411678135	-1.12963464900184	0.194339240967479	-5.81269456121254	6.14751687880733e-09	1.07361386372449e-07
"ENSG00000170458.13"	51.3899761093469	-1.96297831640155	0.299647853035244	-6.55095071270432	5.71719276092447e-11	1.34861929331649e-09
"ENSG00000170581.13"	2095.51113334701	-1.24425564240949	0.0757293841420724	-16.4302886720326	1.16104930197455e-60	3.13211576590114e-58
"ENSG00000170955.9"	34.4692158376555	-1.25915592850523	0.34428197224764	-3.65733912898445	0.00025484710508533	0.00172009925226346
"ENSG00000171016.11"	61.6872090277621	-1.11533335470292	0.263844765991511	-4.22723320097546	2.36582438606669e-05	0.00020744320463997
"ENSG00000171509.15"	753.677930893264	-1.05798738996895	0.0946963588007039	-11.1724189120679	5.56445546865556e-29	5.05747174817805e-27
"ENSG00000171522.5"	791.924483662937	-1.38522122277865	0.081702719687267	-16.9544077367418	1.78551485957404e-64	5.45507057940704e-62
"ENSG00000171604.11"	1423.9069497605	-1.63768189528093	0.0673597379892233	-24.3124742489785	1.44685819791811e-130	1.5951926166438e-127
"ENSG00000171695.10"	49.5612648676416	-1.09263514896345	0.290848149415934	-3.75672030630974	0.000172154720346538	0.00121398759692645
"ENSG00000171724.2"	120.092711222802	-1.32142095107623	0.182280739508456	-7.24937233982932	4.18707390622861e-13	1.25207335040265e-11
"ENSG00000171843.15"	125.002233957415	-1.27839262245563	0.187762715097067	-6.80855419988333	9.85844479193546e-12	2.53283123641236e-10
"ENSG00000171916.16"	183.401315107214	-1.41081235013892	0.159268022482549	-8.85810175921223	8.13884078536346e-19	3.94617064312135e-17
"ENSG00000172000.7"	27.9842423758131	-1.28067930748419	0.37905847990819	-3.37857975844353	0.000728612935501795	0.00432089963013436
"ENSG00000172037.13"	25.492535835063	-7.14358150155443	1.22127335150624	-5.84928959003648	4.93676937920967e-09	8.76043372414268e-08
"ENSG00000172137.18"	148.236585177916	-3.2807267384815	0.212680249668091	-15.4256295241397	1.10076543664253e-53	2.4922508877126e-51
"ENSG00000172179.11"	88.2960668052249	-2.01661638811555	0.226473641258662	-8.90441985613821	5.36659671325671e-19	2.64244969815075e-17
"ENSG00000172183.14"	47.5152008378322	-1.90847869751033	0.298394220115717	-6.3958299754272	1.59677606266492e-10	3.54873333891824e-09
"ENSG00000172322.13"	54.4092660255239	-2.27143686630648	0.30809932603799	-7.37241751066475	1.67561276093591e-13	5.20713093036921e-12
"ENSG00000172345.13"	96.4087738597761	-1.14778389490918	0.199834941641158	-5.74365966974005	9.26519146941237e-09	1.57260190951378e-07
"ENSG00000172349.17"	345.341743313335	-1.21886908394392	0.115663931851765	-10.5380222203238	5.76995522601198e-26	4.60108567991232e-24
"ENSG00000172828.12"	67.249535537831	-2.30256225742503	0.515650134311655	-4.46535762178892	7.99351165285396e-06	7.77715957570941e-05
"ENSG00000172830.12"	161.163088491349	-1.52938895536221	0.164072223693299	-9.32143735810578	1.14774745244526e-20	6.34086708041545e-19
"ENSG00000172927.7"	21.7262219491174	-1.67996764223456	0.439037571746379	-3.82647807464879	0.000129989721641831	0.000946390858855456
"ENSG00000173110.7"	96.1587218515319	-1.32086637175394	0.20804382338352	-6.3489814322388	2.16745189484185e-10	4.73404350985355e-09
"ENSG00000173193.13"	8038.69764378782	-1.27382127742935	0.0704499836737325	-18.0812146576025	4.48101436911222e-73	1.69596361749176e-70
"ENSG00000174099.10"	66.195322885562	-3.77840134370049	0.346480984163959	-10.9050756503061	1.09002566123584e-27	9.36978668393843e-26
"ENSG00000174130.12"	250.094445024162	-1.11166574326274	0.143821497983914	-7.72948244070631	1.07984702434149e-14	3.77173014369856e-13
"ENSG00000174473.15"	34.4843260530018	-1.03089710211707	0.322867229294498	-3.19294437025926	0.00140830074397469	0.00766345284671895
"ENSG00000175040.5"	206.123951672299	-1.10846272834862	0.147827611151707	-7.4983470253813	6.46276162943637e-14	2.09301033715514e-12
"ENSG00000175175.5"	132.911895365269	1.17567841423769	0.183494793523419	6.40714862619596	1.48266271681977e-10	3.30671602226171e-09
"ENSG00000175445.14"	171.850388763191	-1.34072504631568	0.163774694388962	-8.18639931717098	2.69157639819245e-16	1.05982910412056e-14
"ENSG00000175489.9"	79.7716223969806	-1.92116435735944	0.250151739824269	-7.67999598447348	1.59093576256035e-14	5.48883660775583e-13
"ENSG00000175899.14"	49.5718141781048	-1.32407034716852	0.30542059970588	-4.33523589582234	1.45603894529316e-05	0.000133919989703783
"ENSG00000176170.13"	104.068297195337	-1.3732813546783	0.2085661182295	-6.58439331534751	4.56746549295313e-11	1.08957469398218e-09
"ENSG00000176349.11"	30.481444847788	-1.93103592952534	0.380174498561461	-5.07934103111117	3.78746293438434e-07	4.73115690099104e-06
"ENSG00000176358.15"	27.6158712335897	-1.56062504093269	0.380446066882485	-4.10209271900491	4.09430131570027e-05	0.000335671816241602
"ENSG00000176531.10"	35.1132535482484	-1.96360486513426	0.346300271875122	-5.67023772318132	1.42599515568544e-08	2.33896411111717e-07
"ENSG00000176998.4"	40.5518278890268	-1.08562321221931	0.304680896921985	-3.56314827475806	0.000366433562748077	0.00235898001628985
"ENSG00000177191.2"	94.4951667677133	-2.03967313496435	0.219226251485658	-9.30396392376297	1.35305024263495e-20	7.41050713882012e-19
"ENSG00000177409.11"	4396.24200256897	-1.6074994065384	0.124107604983772	-12.9524649738313	2.27528942299596e-38	3.10197791335116e-36
"ENSG00000177575.12"	1083.4075561929	-1.46757436910547	0.0770848114223057	-19.0384375602274	8.1935619126485e-81	3.58228177553346e-78
"ENSG00000177606.6"	750.699784322467	-1.56698632747756	0.0840898598677585	-18.6346645117715	1.68205662362202e-77	7.10893197696787e-75
"ENSG00000177989.13"	484.672384167364	-2.19647400042624	0.107613647407185	-20.4107383528716	1.34241447383172e-92	7.40020570161409e-90
"ENSG00000177990.11"	64.7107880041433	-1.52856278923587	0.256521572529572	-5.95880796364467	2.54084460449126e-09	4.70984923104454e-08
"ENSG00000178531.5"	96.1607228832719	1.12511685674755	0.220348904935685	5.10606965383355	3.28928486462117e-07	4.14355119707222e-06
"ENSG00000178685.13"	2990.49899504106	-1.25518291204206	0.0646694725614904	-19.4092028638177	6.4520254492222e-84	3.08698983662975e-81
"ENSG00000178826.10"	22.0940020886796	1.61238693104666	0.427673648767236	3.77013392266357	0.000163159969916761	0.00115634726583265
"ENSG00000179163.11"	193.777504487361	-1.51798789090818	0.152196801056282	-9.97384886129656	1.98388511170871e-23	1.31008746517473e-21
"ENSG00000179348.11"	327.11950527497	-1.30048236607676	0.118591369428578	-10.9660793390195	5.56327470604393e-28	4.86460413778834e-26
"ENSG00000179403.11"	124.354431293975	-1.05905733085285	0.180893648614092	-5.85458549245242	4.78201174642631e-09	8.52159197933087e-08
"ENSG00000179431.6"	23.4882820237904	-2.28480468256458	0.445426486191245	-5.12947647568401	2.9054907540427e-07	3.69310448827141e-06
"ENSG00000180573.9"	188.181926588072	-3.05958551552368	0.190687191658916	-16.0450499527855	6.19091150862475e-58	1.5857488286435e-55
"ENSG00000180720.7"	59.6932115363145	-1.34909478163524	0.263399855940215	-5.12185087125276	3.02551131536673e-07	3.83221358317031e-06
"ENSG00000181126.13"	42.3805344675304	-1.07301157774218	0.297504615645957	-3.60670564862464	0.000310109102380323	0.00204010781238808
"ENSG00000181381.13"	2258.33394540785	-1.14720528828741	0.0706476401468296	-16.2384091797424	2.69831182298946e-59	7.05399909354295e-57
"ENSG00000181444.12"	641.164224410383	-1.40488457990231	0.0877476328404818	-16.0105125850663	1.07917083306609e-57	2.70946673117721e-55
"ENSG00000181577.15"	21.2076581262172	-2.25823366263355	0.463569164030267	-4.87140611985595	1.10806810953642e-06	1.28244596629962e-05
"ENSG00000181804.14"	83.7880850209496	-1.41762945604187	0.215214483695216	-6.58705414106561	4.48638720930458e-11	1.07191908642889e-09
"ENSG00000182308.6"	166.439952287456	-5.01412426540403	0.299842542707372	-16.7225244961236	8.98319482719511e-63	2.6487890049769e-60
"ENSG00000182621.17"	22.8386017420132	-2.23625103759586	0.452211933336853	-4.94513937545755	7.60894054337226e-07	9.07561214952182e-06
"ENSG00000182985.16"	24.1231638968078	-2.56059362106289	0.460592053714302	-5.55935257765255	2.7077720173804e-08	4.20475706164924e-07
"ENSG00000184368.15"	22.0011465268421	-3.60968371398674	0.575550374327086	-6.27170769927317	3.57109517990092e-10	7.54631929766062e-09
"ENSG00000184371.13"	66.8707575326074	-1.55430178273785	0.248163175168706	-6.26322491917345	3.77096087557513e-10	7.9290237050443e-09
"ENSG00000184486.9"	62.4676996108197	-1.23186297341036	0.248354206733169	-4.96010512410557	7.04550414879347e-07	8.45127219513268e-06
"ENSG00000184678.10"	71.2760350165974	-1.67672832727957	0.251785212106523	-6.65935982995777	2.75022853193392e-11	6.72519721434719e-10
"ENSG00000184838.14"	65.5603823799808	-1.5929699779167	0.255805124981004	-6.22727937149419	4.74604390380975e-10	9.8245045969639e-09
"ENSG00000184916.8"	217.97814141727	-1.03098146940411	0.135457009043422	-7.61113416488931	2.71701005001402e-14	9.10144529039043e-13
"ENSG00000184979.9"	544.103436917791	-1.23034116209086	0.0980155215260455	-12.5525135502536	3.85088876097454e-36	4.8582506070046e-34
"ENSG00000184984.9"	29.2381015344579	-3.31806043559697	0.467104464697991	-7.10346546942616	1.21666757943742e-12	3.45489994169922e-11
"ENSG00000185090.14"	771.79643499266	1.00320668932995	0.0871415895834565	11.5123753666344	1.14286432397343e-30	1.14548432914302e-28
"ENSG00000185101.12"	30.2359896861169	1.10886026544989	0.349231988811141	3.17513945164268	0.00149764508700212	0.00806825666373482
"ENSG00000185477.4"	21.9742068715728	-1.70196421224563	0.503999006941111	-3.37691977326554	0.000733024269133272	0.00434198304524212
"ENSG00000185507.19"	1681.01865115118	-1.51452866267183	0.0833517307514683	-18.1703325056049	8.86594416243735e-74	3.45880941647825e-71
"ENSG00000185633.10"	166.507293425109	-2.07322456064161	0.183566479732667	-11.2941347661125	1.40278725953276e-29	1.30778968114822e-27
"ENSG00000185650.9"	267.950344348182	-2.38820445737047	0.140058948615185	-17.0514235683156	3.41122975999515e-65	1.05490200309704e-62
"ENSG00000185686.17"	190.282113650393	-6.82319688985289	0.472667935631735	-14.4354976834498	3.09404239796049e-47	5.94384296420319e-45
"ENSG00000185745.9"	1093.93578371395	-2.67858471254719	0.189656052377315	-14.1233811363859	2.72592236583625e-45	4.80027356617192e-43
"ENSG00000185880.12"	326.138948297287	-1.48611866449185	0.131365679344985	-11.3128381164847	1.1336226366338e-29	1.07262697088656e-27
"ENSG00000185885.15"	462.135609048445	-2.42287491179848	0.120904095600371	-20.039642989489	2.48543845727962e-89	1.28623976325911e-86
"ENSG00000185920.15"	43.1356225969191	-1.23913501991487	0.310612655147962	-3.9893256098165	6.6261413068007e-05	0.000518277887902073
"ENSG00000186281.12"	70.0308755607962	-1.75670751931847	0.24460410628342	-7.18183985547242	6.8779460144164e-13	2.00703055274535e-11
"ENSG00000186472.19"	21.8434661535154	-2.84657637888879	0.49807490075505	-5.71515724758177	1.09602625168593e-08	1.82848905856921e-07
"ENSG00000187608.8"	2275.40186478801	-2.87366318600284	0.138302434515774	-20.7781099158822	6.82948119207257e-96	4.02748800159479e-93
"ENSG00000187837.3"	73.6095161855281	-2.04839150685019	0.264071437566226	-7.75695972926445	8.69895366002138e-15	3.0637231515392e-13
"ENSG00000187957.7"	97.7922525272628	-2.18276581122729	0.230590660457658	-9.46597666572925	2.9083033208097e-21	1.6572754069459e-19
"ENSG00000188282.12"	28.3100953687435	-1.38729336375554	0.36334691448395	-3.81809589803691	0.000134485651385074	0.000975500945773052
"ENSG00000188313.12"	1879.46387282149	-1.07371679355277	0.0712744818616342	-15.0645331331511	2.77116280955163e-51	5.90513836341262e-49
"ENSG00000188483.7"	40.8390659392313	-2.49327893086207	0.358170798512439	-6.9611451888797	3.37517699915367e-12	9.0857471703332e-11
"ENSG00000188549.12"	478.816777536896	-1.04541893067378	0.106749689960378	-9.79318001824462	1.2044691916694e-22	7.61669071380364e-21
"ENSG00000188906.14"	131.001500472548	-1.4661250152916	0.178255548115168	-8.22484927282238	1.95436471759764e-16	7.74355945450639e-15
"ENSG00000189057.10"	36.2272987561869	-2.33393589622109	0.359553679036899	-6.49120293379497	8.51536834435199e-11	1.9648108323574e-09
"ENSG00000189060.5"	515.321255751198	-3.49528286169886	0.125288973134144	-27.8977692470714	2.83961239844119e-171	6.00057426663931e-168
"ENSG00000189184.11"	191.665029580294	-1.7410624066964	0.158550173645868	-10.9811447484452	4.70918089310589e-28	4.14636837108956e-26
"ENSG00000189212.12"	38.4357023159437	-1.08224757902527	0.317352093254491	-3.41024244688814	0.000649051540339092	0.00390200307252696
"ENSG00000196155.12"	243.397777346594	-2.24179133017893	0.146303768311305	-15.3228543328347	5.3802022163232e-53	1.20735546727012e-50
"ENSG00000196358.10"	47.0832943837619	-1.3408833625998	0.304686471861278	-4.40086280959101	1.07821282105438e-05	0.000102096044497001
"ENSG00000196562.14"	223.742915543118	-2.03161933149698	0.147020531567108	-13.8186096175937	1.96834984071953e-43	3.159076915251e-41
"ENSG00000196611.4"	133.764486529762	-3.76539563033895	0.243425179438756	-15.4683900778896	5.67075751690171e-54	1.29548710913147e-51
"ENSG00000196684.12"	440.622023978031	-3.62712889122459	0.137570266757506	-26.3656455476539	3.39600601127889e-153	5.74106136226733e-150
"ENSG00000196787.3"	29.2619355673519	-1.21091087567976	0.381792635632813	-3.17164545008234	0.00151577940880436	0.00815150981151338
"ENSG00000197128.11"	24.9744108406168	-3.65915034773189	0.551587012016134	-6.63385878930895	3.27022701553781e-11	7.93554226411559e-10
"ENSG00000197444.9"	56.5650894485084	-1.12054421851153	0.27161082124077	-4.12555071772426	3.6984866277388e-05	0.000307455711620734
"ENSG00000197461.13"	209.906006999058	-1.27676094188245	0.151240097353613	-8.44194736860864	3.12093887847411e-17	1.31463069900908e-15
"ENSG00000197629.5"	76.4059964322637	-4.7898852107074	0.405196717254082	-11.8211352825543	3.03554330838557e-32	3.31790117301902e-30
"ENSG00000197632.8"	54.6127130333638	-1.96082887290006	0.29902888622026	-6.55732259744212	5.47824204913566e-11	1.29586998024237e-09
"ENSG00000197903.7"	140.940891627787	-2.42270903698745	0.196542842383414	-12.3266205352889	6.51210281544924e-35	7.93912996125778e-33
"ENSG00000197980.11"	25.8395951092334	-1.67442145987707	0.391470739428086	-4.27725827560777	1.89209235340966e-05	0.000169359964340847
"ENSG00000198121.13"	41.5004236073595	-2.14328931986804	0.328083809734875	-6.53274942643478	6.4573129766674e-11	1.51755831753783e-09
"ENSG00000198467.13"	1087.28167439623	-1.51003868883281	0.0709335107672031	-21.2880861598491	1.46384951155022e-100	1.0311193309414e-97
"ENSG00000198520.10"	1298.31358714	-1.3332975746183	0.0754631718322018	-17.6681888959423	7.3726098676288e-70	2.56102247977166e-67
"ENSG00000198719.8"	260.507767320196	-1.32056428177961	0.141341241531418	-9.34309241571266	9.35607304319315e-21	5.18015939365266e-19
"ENSG00000198756.10"	24.4717052587288	-1.67892156746095	0.429422561402277	-3.90971904684849	9.24035308840754e-05	0.000696128560950204
"ENSG00000198794.11"	450.850858220729	-1.10940854596785	0.10350924507731	-10.7179657733882	8.38266826466286e-27	6.92402937639482e-25
"ENSG00000198865.9"	166.746303085596	-6.95597583577587	0.527709614609615	-13.1814460892886	1.12218951770091e-39	1.61684555624203e-37
"ENSG00000198883.11"	261.135363153191	-8.6109111102758	0.731511191846827	-11.7714003644101	5.48070899520886e-32	5.83948818069354e-30
"ENSG00000198947.15"	27.4782621974777	-1.84037161909727	0.388306677266184	-4.73947971241221	2.14267686127261e-06	2.35415943882802e-05
"ENSG00000198959.11"	20.8294041015157	-1.66486680168827	0.440667934995803	-3.7780529724817	0.000158059263300747	0.00112459786722232
"ENSG00000203812.2"	90.3394531572728	-1.67941423703332	0.221667281607997	-7.57628381081175	3.55593470507314e-14	1.18025382527807e-12
"ENSG00000204103.3"	151.10325175188	-1.97421797342045	0.180249206214638	-10.9527138281518	6.44861179941612e-28	5.61937793847402e-26
"ENSG00000204261.8"	969.743666250407	-1.29916068814495	0.077428746390523	-16.7787901613756	3.48871413007372e-63	1.04078603424011e-60
"ENSG00000204334.7"	37.2433885357449	-1.10461714300459	0.315421896895791	-3.50203062588751	0.000461726541161191	0.00288031036427195
"ENSG00000204385.10"	106.449139677268	-2.99958215922006	0.237793006791803	-12.6142572470447	1.76211108348211e-36	2.24540768115273e-34
"ENSG00000204525.15"	6885.90538565167	-1.4087261773322	0.0455182743821003	-30.948584858616	2.65450233874354e-210	1.12188117176431e-206
"ENSG00000204540.10"	22.984099166144	-1.55757399021634	0.412906885799786	-3.77221607045708	0.00016180404225495	0.0011486637467808
"ENSG00000204622.11"	918.930093204926	-1.09125395627877	0.074111598706965	-14.724469250671	4.48980755939644e-49	9.25630407245324e-47
"ENSG00000204632.11"	657.497673931579	-1.13988917498021	0.0989526896135468	-11.5195370578806	1.05174543591527e-30	1.06255620573464e-28
"ENSG00000204642.13"	498.841778036595	-1.26467150795397	0.0995648108920443	-12.7019927685618	5.76429703344218e-37	7.49595098328342e-35
"ENSG00000205307.11"	200.514267547948	-1.16043459774031	0.140019463076476	-8.28766638754	1.15491974850086e-16	4.65603417845544e-15
"ENSG00000205413.7"	6083.58340816903	-1.00520278650814	0.0717032737607423	-14.0189245732667	1.19410428780196e-44	2.07397921438918e-42
"ENSG00000206195.10"	45.1153449164381	-2.5714348013678	0.340206934325999	-7.55844323532735	4.07921959976955e-14	1.34338767027216e-12
"ENSG00000206341.7"	1822.78700773419	-1.34348008813097	0.0645864034543059	-20.801283494311	4.21381105155016e-96	2.54413858679069e-93
"ENSG00000206503.11"	6892.64080279522	-1.05476021472048	0.0501867362149265	-21.0167126669372	4.61297433196273e-98	3.07831060815555e-95
"ENSG00000212747.4"	113.702618631951	-1.98072992642079	0.196531105746812	-10.0784551071143	6.87993084147797e-24	4.77976126789585e-22
"ENSG00000213275.2"	92.6653004002542	-1.19573656822927	0.206331558809738	-5.79521899183574	6.82320871163089e-09	1.17943371853808e-07
"ENSG00000213626.11"	38.7611982923558	-1.7613377373665	0.322411102975222	-5.46301824320815	4.68106472386206e-08	6.97429137883044e-07
"ENSG00000214212.8"	38.1649701236877	-1.80306891150937	0.351952687820412	-5.12304344846888	3.00643037339551e-07	3.81185307042817e-06
"ENSG00000214274.9"	77.8519298552204	-1.34485896763477	0.222752076193157	-6.03746995591902	1.56549297685366e-09	3.00285710340811e-08
"ENSG00000214897.4"	191.198036916072	-9.16206588601531	1.02800908416065	-8.91243669650639	4.99230613472775e-19	2.46773682191864e-17
"ENSG00000216775.2"	31.4431761690855	-1.63301474210916	0.375892566472359	-4.34436561870462	1.39678714978169e-05	0.00012917479410709
"ENSG00000221947.7"	45.2468913612025	-2.29349747578022	0.343434494367337	-6.67812206809691	2.420234184522e-11	5.95269626101929e-10
"ENSG00000223722.3"	143.46868303389	-1.16927509193083	0.171638060683643	-6.81244641936379	9.59527991831973e-12	2.4677191497845e-10
"ENSG00000224729.5"	53.8321173444494	-1.72620575103981	0.276307335636886	-6.24741195184313	4.17309382461468e-10	8.70957310325753e-09
"ENSG00000224916.8"	382.220167540949	-6.23813856786899	0.279670721261445	-22.3052972428865	3.28248970892948e-110	2.60116793871981e-107
"ENSG00000225210.9"	34.2232785177829	-2.72520549836062	0.396696636320453	-6.86974692711836	6.43158994643713e-12	1.6761794230396e-10
"ENSG00000225217.1"	138.261033968031	-1.71223144876807	0.182814019726375	-9.36597450967292	7.53516854507626e-21	4.2180309926279e-19
"ENSG00000225778.5"	28.6108934133603	-2.12682642708484	0.390734268314169	-5.44315305709191	5.23456322395336e-08	7.69942309936249e-07
"ENSG00000225793.2"	46.8922107412262	-1.06614120792349	0.281138892699982	-3.79222240539028	0.000149305105343278	0.00107042093901466
"ENSG00000225864.1"	32.8260574021133	-1.7147912566607	0.358251185458259	-4.78656129069669	1.69663142712218e-06	1.90368051898072e-05
"ENSG00000225963.7"	211.743131487311	-1.01898881221376	0.145410471729355	-7.00767145649833	2.42316984991646e-12	6.66450553732989e-11
"ENSG00000225968.7"	72.4229454374232	1.00247339916287	0.229590578521502	4.36635251158179	1.26338526959678e-05	0.00011779080285667
"ENSG00000227262.3"	180.985120502737	-1.27904671934908	0.150070661779465	-8.52296314404667	1.5552228669592e-17	6.77617550865145e-16
"ENSG00000227355.2"	25.8474323906319	-1.24608043173524	0.393976410130771	-3.16283005706265	0.00156243510737766	0.00838168594306807
"ENSG00000227766.1"	1244.99077222721	-1.15477285924059	0.0804787032797354	-14.3488005171594	1.08395786870845e-46	1.96335740247921e-44
"ENSG00000228318.3"	268.304543072107	-2.88512306088076	0.158820261376364	-18.1659634348778	9.60068457684447e-74	3.68869938635791e-71
"ENSG00000228417.1"	27.8577743101024	-1.22910196449528	0.376967068226359	-3.26050222444693	0.00111215094845315	0.00624765701171353
"ENSG00000228804.5"	32.1564276818277	-1.47600712155651	0.364979285921479	-4.04408463299491	5.2527943450796e-05	0.000420455678669597
"ENSG00000229153.5"	31.5088754489449	-1.21246708868154	0.350921328080812	-3.45509660331141	0.000550095685699875	0.00337021657356304
"ENSG00000229474.6"	65.6087651596641	-1.03844840257347	0.243379097700987	-4.26679370735976	1.98302370850119e-05	0.000176254872766117
"ENSG00000229646.2"	37.6887799802024	1.29947872907806	0.323500972702051	4.01692371501739	5.89628004544032e-05	0.000465497725380684
"ENSG00000230191.1"	173.262712314501	-1.26157851066462	0.157943783905659	-7.9875160608927	1.37684723548675e-15	5.12688578523833e-14
"ENSG00000230521.1"	566.764514649961	-1.5679768111903	0.09411877041554	-16.6595547760303	2.57937378765646e-62	7.34918657386433e-60
"ENSG00000231130.1"	51.668495361167	-1.31336926348134	0.268853178182073	-4.88507992489454	1.03386906530428e-06	1.20205647675314e-05
"ENSG00000231764.8"	48.9872447034182	-1.54711513177013	0.302647871816973	-5.11193130974913	3.18881785449717e-07	4.02243919043081e-06
"ENSG00000233038.5"	1189.74875345024	1.23644771179242	0.0811670374476645	15.233372446169	2.12349437256795e-52	4.60235643586137e-50
"ENSG00000233728.1"	273.69805084865	1.13111165945749	0.123041465316245	9.19293066406739	3.82281429711057e-20	2.02801098213661e-18
"ENSG00000234211.2"	32.4135352441752	-1.86195408353288	0.362035402459565	-5.14301659694962	2.70361727574351e-07	3.45034357716678e-06
"ENSG00000234289.5"	39.8746234074222	-2.40658334673928	0.352814196340256	-6.82110689338122	9.03416859626027e-12	2.32813462666634e-10
"ENSG00000234745.9"	10447.0020715188	-1.42753727126583	0.048191584659277	-29.6221276257831	7.75432698692068e-193	2.45792779667918e-189
"ENSG00000234906.8"	383.382185123568	-6.24257184660785	0.279675816685093	-22.3207423530537	2.32399036827414e-110	1.90102412124825e-107
"ENSG00000235290.1"	65.4983357764506	-1.16908028159499	0.243834589924707	-4.79456291232507	1.63029896775476e-06	1.83575138651533e-05
"ENSG00000235568.6"	85.248416000292	-5.26174099277511	0.43839857228086	-12.0021855121467	3.46036491286306e-33	3.91731845805275e-31
"ENSG00000235750.9"	617.208654112997	-1.03541920234617	0.0904557197298173	-11.4466968527681	2.44277382673484e-30	2.41026687542187e-28
"ENSG00000235863.3"	47.8250949483667	-1.2511461389404	0.311666232941159	-4.01437822485123	5.96027057334061e-05	0.000469672284645031
"ENSG00000236886.2"	42.6420112324523	-4.34519335060357	0.496766981302142	-8.74694477320896	2.19206915489552e-18	1.01250436484227e-16
"ENSG00000237135.1"	59.5019690641211	1.01711968449581	0.247790635853293	4.10475432614011	4.04744777359754e-05	0.000332140729707007
"ENSG00000237456.3"	29.8789862907325	-1.17598332107801	0.36044337387385	-3.26260213480741	0.00110394385327943	0.00621394189377573
"ENSG00000237669.1"	229.572901977326	-1.20490058907812	0.131383829625234	-9.1708438741285	4.69330404166055e-20	2.47943341434226e-18
"ENSG00000237763.9"	22.181557101912	-1.54444646668651	0.421899937573798	-3.66069375494126	0.000251533259411906	0.00169999477403174
"ENSG00000239732.3"	59.2178685533257	-1.80695631268602	0.278519204047919	-6.48772611160822	8.71415043327149e-11	2.00465234411765e-09
"ENSG00000240065.7"	1319.76065124095	-1.35473162501095	0.0679912553430935	-19.9250862213792	2.4662126842086e-88	1.22623963227768e-85
"ENSG00000240498.6"	36.4783307140244	-1.33987595701185	0.329821989459063	-4.06242154808831	4.85662720331612e-05	0.000391338902515698
"ENSG00000240583.10"	25.4431872724804	-3.09563798533166	0.484976729473282	-6.38306499508488	1.7357818926256e-10	3.84274355646796e-09
"ENSG00000240859.1"	26.6415819266909	-1.35336451354467	0.37537436875465	-3.60537273238612	0.000311705220802452	0.00204825628118906
"ENSG00000240875.5"	24.0200965224447	-3.00159777945876	0.485137968846688	-6.18710134478738	6.12805708417512e-10	1.24216843757404e-08
"ENSG00000242498.7"	34.7704349498023	-1.743476549279	0.337619731220833	-5.16402445726319	2.41696095933828e-07	3.11746164836725e-06
"ENSG00000242550.5"	105.376585016118	-1.50215453444621	0.198319773450109	-7.5744062647596	3.60773768335472e-14	1.19588251208508e-12
"ENSG00000243224.1"	30.1935202875633	-1.43140949653905	0.38515850819382	-3.71641665986185	0.000202068251663489	0.00140077821915877
"ENSG00000244306.9"	37.8046090626359	-2.45657405813605	0.36908036867508	-6.6559326006816	2.81509244648885e-11	6.87717863757846e-10
"ENSG00000247095.2"	175.658037848539	-1.50346792068438	0.359502953692866	-4.18207390298339	2.8886203656097e-05	0.00024729789071955
"ENSG00000248429.5"	109.954375736938	-1.18185719717206	0.217215406798787	-5.44094553231601	5.29985178304958e-08	7.77740980987102e-07
"ENSG00000248538.6"	20.4948149385858	-7.80053107462273	1.23272576431393	-6.32787218409775	2.48564894986095e-10	5.35523246139115e-09
"ENSG00000249835.2"	1393.08480452735	-1.16198791994533	0.0657933722087017	-17.6611698251218	8.34912082658134e-70	2.86104062054662e-67
"ENSG00000250337.5"	44.689515489991	-1.76439353150009	0.311327273380309	-5.6673272223881	1.45042188946163e-08	2.37136030128743e-07
"ENSG00000250722.5"	75.8428527785892	-6.00130244416947	0.58515021884608	-10.2560030755933	1.11215230875105e-24	8.17448065081425e-23
"ENSG00000250771.2"	121.156616949317	-1.81532830433039	0.216880519813045	-8.37017684158647	5.75318284810541e-17	2.38381063173623e-15
"ENSG00000251381.7"	30.724448752663	-5.91843230306317	0.88396104372614	-6.69535421845667	2.1514983695497e-11	5.33310807967167e-10
"ENSG00000253882.6"	27.3885092571144	-1.54189047743473	0.391151422412735	-3.94192731787578	8.08294728696766e-05	0.000617929988854163
"ENSG00000254693.1"	33.6182152100678	-1.14015156394842	0.334109209041623	-3.41251163719459	0.000643671786481185	0.00387333392538916
"ENSG00000257452.1"	111.464103758241	-1.99748113280455	0.202590671378873	-9.85968958594833	6.22415139978926e-23	3.98565735343071e-21
"ENSG00000257453.1"	43.2338704124883	-2.10320052086664	0.327671770724192	-6.4186198164655	1.37515353612691e-10	3.08594189107134e-09
"ENSG00000257743.8"	559.959480913494	-1.51604670733679	0.217928680225038	-6.95661858627916	3.48536889689822e-12	9.37242677492524e-11
"ENSG00000257764.2"	8992.70499629068	-1.7201519987725	0.0518953388721631	-33.1465606768625	6.34791641975752e-241	3.21940929144423e-237
"ENSG00000257883.1"	76.8614803011505	-1.92799916347834	0.243807975734052	-7.90785928013041	2.61852558264145e-15	9.62327126443795e-14
"ENSG00000258227.6"	188.111574489013	-1.85919366350342	0.15793016940115	-11.7722514358924	5.42568694005906e-32	5.8052560939248e-30
"ENSG00000258451.1"	29.6802431109148	-1.5226652418047	0.370924098971749	-4.10505881398844	4.04212027884783e-05	0.000331822874817168
"ENSG00000258749.1"	130.784488485112	-1.157132653997	0.182321823797231	-6.34664918273251	2.20055152633831e-10	4.79807270893267e-09
"ENSG00000258818.3"	142.738160738	-1.3282859073506	0.17225626964469	-7.71110340477258	1.24734543549645e-14	4.3269747678959e-13
"ENSG00000259070.5"	126.339835172957	1.60724638912019	0.181617971086086	8.84959995703489	8.78335645339496e-19	4.24244481800361e-17
"ENSG00000259171.1"	141.582744631803	-1.36190076743211	0.17166088659096	-7.93366965811669	2.12763568375804e-15	7.86480840652134e-14
"ENSG00000259409.1"	75.9095549898733	-1.56641809200259	0.245405109491082	-6.38298890862955	1.7366448914395e-10	3.84274355646796e-09
"ENSG00000260997.1"	337.933201174031	-1.25153024581094	0.124509897166301	-10.0516527143167	9.03394270231783e-24	6.20820376816736e-22
"ENSG00000261265.1"	38.5496779666739	1.07695282510921	0.311123799629159	3.4614929053736	0.000537188278785703	0.0033023806639123
"ENSG00000262406.2"	83.7005939537771	-2.82832781832037	0.261663679860715	-10.8090195010095	3.11986805804783e-27	2.64594027478184e-25
"ENSG00000262880.1"	36.6058171048789	-1.58251278596687	0.342976676840155	-4.61405364512411	3.94890429934368e-06	4.09388042611435e-05
"ENSG00000263155.5"	89.26207950997	-1.14319980876505	0.207070585053996	-5.52082184182241	3.3741775834735e-08	5.13888259229556e-07
"ENSG00000263264.1"	138.890034979027	1.82453063561715	0.181817326946498	10.0349656782384	1.06996608531029e-23	7.25459892815463e-22
"ENSG00000266728.5"	645.897854383611	-1.2708088636469	0.090861678161854	-13.9861918616909	1.89279092563835e-44	3.24306704677954e-42
"ENSG00000266786.1"	302.721140402283	-1.43348248415277	0.117768034673001	-12.1720846249412	4.37757693001972e-34	5.13919424960371e-32
"ENSG00000267026.5"	63.7690742337906	-1.55870631911428	0.248346793439192	-6.27632955323794	3.46659019452686e-10	7.34384245219816e-09
"ENSG00000267123.5"	45.8665752550654	1.59850647966135	0.307060802560926	5.20583046201143	1.93130915042829e-07	2.54279010574042e-06
"ENSG00000267328.1"	42.031155521479	-3.70197401856642	0.425859439266293	-8.69294813552681	3.53153613906438e-18	1.60488697875259e-16
"ENSG00000267710.6"	23.8263643962037	-1.91365221417973	0.423434847651871	-4.51935457081947	6.20284380273415e-06	6.17799344657237e-05
"ENSG00000268104.2"	25.5890768141299	-2.91434050730113	0.467682506865722	-6.23145074814158	4.62135291654863e-10	9.58082018102119e-09
"ENSG00000268475.1"	22.3585065095006	-2.05643323400714	0.441954912839726	-4.6530385210423	3.27079115409397e-06	3.45586342022978e-05
"ENSG00000270276.2"	111.83311698981	-1.65207289422794	0.203562097726153	-8.11581779064999	4.82524228265586e-16	1.87092498170623e-14
"ENSG00000270882.2"	107.188360058671	-1.78088546975243	0.203382314437678	-8.75634380834103	2.01685890309343e-18	9.36694286898228e-17
"ENSG00000270885.1"	72.4912319951687	-1.07456511640127	0.258837985103858	-4.15149699133263	3.30307607941736e-05	0.000278733454981249
"ENSG00000271581.1"	841.296544691961	-1.62267448218111	0.0835475886689691	-19.4221581739533	5.01380032739326e-84	2.44499901350074e-81
"ENSG00000271776.1"	30.3129760905119	-1.24474397822633	0.346798637777514	-3.58924125597311	0.000331641816138231	0.00216189541738644
"ENSG00000272068.1"	87.4046165766708	-1.30794146745713	0.21839189364818	-5.98896527525957	2.11180241360772e-09	3.96674708179737e-08
"ENSG00000272196.2"	90.0389531760362	-1.46073686585727	0.23072190616288	-6.33115810349647	2.43327849132959e-10	5.25579863570151e-09
"ENSG00000272636.3"	34.7538925558797	1.42629953148698	0.333597438025684	4.2755110468719	1.90699344362508e-05	0.000170453083339601
"ENSG00000272839.1"	65.8222615930364	1.40795655666915	0.242838201490001	5.79792037673745	6.71423148695933e-09	1.16376952868294e-07
"ENSG00000272870.1"	24.198674245525	-1.298772841995	0.414136894167082	-3.13609548023271	0.00171213452399727	0.00904318001656382
"ENSG00000272884.1"	64.7780742547306	-1.51028168898569	0.26362402559314	-5.7289227929345	1.01070378955279e-08	1.70182116171844e-07
"ENSG00000274559.2"	38.0127198657371	-2.61657906200578	0.368453187506721	-7.101523750444	1.23388800725345e-12	3.49597006569083e-11
"ENSG00000274840.4"	55.194224263057	1.2462831177981	0.269185392529771	4.62983190167074	3.65962700108825e-06	3.82841672828366e-05
"ENSG00000276180.1"	61.9443156625203	-2.58946778277356	0.291846393029989	-8.87270785117249	7.13884348160704e-19	3.47460255290962e-17
"ENSG00000276644.4"	22.515909187879	-2.21211013433556	0.451313213268262	-4.90149649800011	9.51093454966497e-07	1.11604941374551e-05
"ENSG00000277443.2"	489.768101341785	-1.22940977880199	0.09681306114421	-12.6988008050969	6.00426899771436e-37	7.75445936227318e-35
"ENSG00000279141.3"	35.1924837033261	-2.54038910089454	0.375613920465214	-6.76329859593105	1.34884838151344e-11	3.40000966783477e-10
"ENSG00000279196.1"	49.1181352201017	-1.60436179878692	0.288721227321976	-5.55678504718247	2.74788811419151e-08	4.25922657699684e-07
"ENSG00000279296.1"	2884.52028724201	-1.11316395517296	0.0659478152845325	-16.8794667476125	6.3717766153264e-64	1.92351799299342e-61
"ENSG00000279359.1"	59.6988299855123	1.4645404951707	0.254854982915908	5.74656409858755	9.10751154016449e-09	1.54894887750162e-07
"ENSG00000279369.1"	56.1074962519531	-2.29563772001056	0.3166825347274	-7.24901902779906	4.19800916610285e-13	1.25386474009465e-11
"ENSG00000279508.1"	21.3867506166687	-2.52396015299147	0.501390546076003	-5.03392050916109	4.80549003619313e-07	5.95107061785905e-06
"ENSG00000279789.1"	37.5593132188596	1.10762655162777	0.321207113957742	3.44832509461009	0.000564074666070429	0.00344670009209974
"ENSG00000280639.1"	225.800148007382	-2.28269000071075	0.156896401415216	-14.5490271294991	5.92395365163132e-48	1.19221918014339e-45
"ENSG00000280755.1"	2244.06158876812	-1.10905793882346	0.0634627614978295	-17.4757276968068	2.19329454749781e-68	7.22306014746096e-66
"ENSG00000283299.1"	748.39849316186	-1.12233371247301	0.0819933341306162	-13.6881092148921	1.19580585111578e-42	1.88343135233503e-40
"ENSG00000283430.1"	748.896431556803	-1.12521666844513	0.0820451831441074	-13.7145975586252	8.3025778308504e-43	1.3158548039669e-40
"ENSG00000283632.1"	31.591836096175	-1.5217705440042	0.356598389400745	-4.26746331233155	1.97708272769144e-05	0.000175850101048052
